    0.10000E-03    0.14797E+01
    0.10202E-03    0.15084E+01
    0.10408E-03    0.15376E+01
    0.10618E-03    0.15674E+01
    0.10833E-03    0.15978E+01
    0.11052E-03    0.16287E+01
    0.11275E-03    0.16603E+01
    0.11503E-03    0.16925E+01
    0.11735E-03    0.17253E+01
    0.11972E-03    0.17587E+01
    0.12214E-03    0.17928E+01
    0.12461E-03    0.18275E+01
    0.12712E-03    0.18629E+01
    0.12969E-03    0.18990E+01
    0.13231E-03    0.19358E+01
    0.13499E-03    0.19733E+01
    0.13771E-03    0.20116E+01
    0.14049E-03    0.20505E+01
    0.14333E-03    0.20903E+01
    0.14623E-03    0.21308E+01
    0.14918E-03    0.21720E+01
    0.15220E-03    0.22141E+01
    0.15527E-03    0.22570E+01
    0.15841E-03    0.23007E+01
    0.16161E-03    0.23453E+01
    0.16487E-03    0.23907E+01
    0.16820E-03    0.24371E+01
    0.17160E-03    0.24843E+01
    0.17507E-03    0.25324E+01
    0.17860E-03    0.25814E+01
    0.18221E-03    0.26314E+01
    0.18589E-03    0.26824E+01
    0.18965E-03    0.27343E+01
    0.19348E-03    0.27873E+01
    0.19739E-03    0.28413E+01
    0.20138E-03    0.28963E+01
    0.20544E-03    0.29524E+01
    0.20959E-03    0.30095E+01
    0.21383E-03    0.30678E+01
    0.21815E-03    0.31272E+01
    0.22255E-03    0.31878E+01
    0.22705E-03    0.32495E+01
    0.23164E-03    0.33124E+01
    0.23632E-03    0.33765E+01
    0.24109E-03    0.34418E+01
    0.24596E-03    0.35085E+01
    0.25093E-03    0.35764E+01
    0.25600E-03    0.36456E+01
    0.26117E-03    0.37161E+01
    0.26645E-03    0.37880E+01
    0.27183E-03    0.38613E+01
    0.27732E-03    0.39360E+01
    0.28292E-03    0.40121E+01
    0.28864E-03    0.40898E+01
    0.29447E-03    0.41689E+01
    0.30042E-03    0.42495E+01
    0.30649E-03    0.43316E+01
    0.31268E-03    0.44154E+01
    0.31899E-03    0.45008E+01
    0.32544E-03    0.45878E+01
    0.33201E-03    0.46765E+01
    0.33872E-03    0.47668E+01
    0.34556E-03    0.48589E+01
    0.35254E-03    0.49528E+01
    0.35966E-03    0.50485E+01
    0.36693E-03    0.51460E+01
    0.37434E-03    0.52454E+01
    0.38190E-03    0.53467E+01
    0.38962E-03    0.54500E+01
    0.39749E-03    0.55552E+01
    0.40552E-03    0.56624E+01
    0.41371E-03    0.57717E+01
    0.42207E-03    0.58830E+01
    0.43060E-03    0.59965E+01
    0.43929E-03    0.61122E+01
    0.44817E-03    0.62300E+01
    0.45722E-03    0.63501E+01
    0.46646E-03    0.64725E+01
    0.47588E-03    0.65973E+01
    0.48550E-03    0.67244E+01
    0.49530E-03    0.68539E+01
    0.50531E-03    0.69859E+01
    0.51552E-03    0.71203E+01
    0.52593E-03    0.72574E+01
    0.53656E-03    0.73970E+01
    0.54739E-03    0.75393E+01
    0.55845E-03    0.76842E+01
    0.56973E-03    0.78319E+01
    0.58124E-03    0.79824E+01
    0.59299E-03    0.81357E+01
    0.60496E-03    0.82919E+01
    0.61719E-03    0.84511E+01
    0.62965E-03    0.86132E+01
    0.64237E-03    0.87784E+01
    0.65535E-03    0.89466E+01
    0.66859E-03    0.91181E+01
    0.68210E-03    0.92927E+01
    0.69588E-03    0.94706E+01
    0.70993E-03    0.96518E+01
    0.72427E-03    0.98363E+01
    0.73891E-03    0.10024E+02
    0.75383E-03    0.10216E+02
    0.76906E-03    0.10411E+02
    0.78460E-03    0.10609E+02
    0.80045E-03    0.10812E+02
    0.81662E-03    0.11018E+02
    0.83311E-03    0.11227E+02
    0.84994E-03    0.11441E+02
    0.86711E-03    0.11659E+02
    0.88463E-03    0.11880E+02
    0.90250E-03    0.12105E+02
    0.92073E-03    0.12335E+02
    0.93933E-03    0.12569E+02
    0.95831E-03    0.12807E+02
    0.97767E-03    0.13049E+02
    0.99742E-03    0.13296E+02
    0.10176E-02    0.13546E+02
    0.10381E-02    0.13802E+02
    0.10591E-02    0.14062E+02
    0.10805E-02    0.14326E+02
    0.11023E-02    0.14596E+02
    0.11246E-02    0.14870E+02
    0.11473E-02    0.15148E+02
    0.11705E-02    0.15432E+02
    0.11941E-02    0.15720E+02
    0.12182E-02    0.16014E+02
    0.12429E-02    0.16313E+02
    0.12680E-02    0.16616E+02
    0.12936E-02    0.16925E+02
    0.13197E-02    0.17239E+02
    0.13464E-02    0.17558E+02
    0.13736E-02    0.17883E+02
    0.14013E-02    0.18213E+02
    0.14296E-02    0.18549E+02
    0.14585E-02    0.18890E+02
    0.14880E-02    0.19236E+02
    0.15180E-02    0.19588E+02
    0.15487E-02    0.19946E+02
    0.15800E-02    0.20310E+02
    0.16119E-02    0.20679E+02
    0.16445E-02    0.21055E+02
    0.16777E-02    0.21436E+02
    0.17116E-02    0.21823E+02
    0.17462E-02    0.22216E+02
    0.17814E-02    0.22614E+02
    0.18174E-02    0.23019E+02
    0.18541E-02    0.23430E+02
    0.18916E-02    0.23847E+02
    0.19298E-02    0.24271E+02
    0.19688E-02    0.24700E+02
    0.20086E-02    0.25135E+02
    0.20491E-02    0.25577E+02
    0.20905E-02    0.26025E+02
    0.21328E-02    0.26479E+02
    0.21758E-02    0.26939E+02
    0.22198E-02    0.27405E+02
    0.22646E-02    0.27878E+02
    0.23104E-02    0.28357E+02
    0.23571E-02    0.28842E+02
    0.24047E-02    0.29333E+02
    0.24533E-02    0.29830E+02
    0.25028E-02    0.30334E+02
    0.25534E-02    0.30843E+02
    0.26050E-02    0.31359E+02
    0.26576E-02    0.31880E+02
    0.27113E-02    0.32408E+02
    0.27660E-02    0.32942E+02
    0.28219E-02    0.33481E+02
    0.28789E-02    0.34027E+02
    0.29371E-02    0.34578E+02
    0.29964E-02    0.35135E+02
    0.30569E-02    0.35698E+02
    0.31187E-02    0.36266E+02
    0.31817E-02    0.36840E+02
    0.32460E-02    0.37419E+02
    0.33115E-02    0.38004E+02
    0.33784E-02    0.38594E+02
    0.34467E-02    0.39189E+02
    0.35163E-02    0.39789E+02
    0.35874E-02    0.40394E+02
    0.36598E-02    0.41004E+02
    0.37338E-02    0.41619E+02
    0.38092E-02    0.42238E+02
    0.38861E-02    0.42862E+02
    0.39646E-02    0.43490E+02
    0.40447E-02    0.44122E+02
    0.41264E-02    0.44758E+02
    0.42098E-02    0.45398E+02
    0.42948E-02    0.46042E+02
    0.43816E-02    0.46690E+02
    0.44701E-02    0.47340E+02
    0.45604E-02    0.47994E+02
    0.46525E-02    0.48650E+02
    0.47465E-02    0.49309E+02
    0.48424E-02    0.49971E+02
    0.49402E-02    0.50635E+02
    0.50400E-02    0.51301E+02
    0.51419E-02    0.51970E+02
    0.52457E-02    0.52639E+02
    0.53517E-02    0.53310E+02
    0.54598E-02    0.53982E+02
    0.55701E-02    0.54653E+02
    0.56826E-02    0.55324E+02
    0.57974E-02    0.55995E+02
    0.59145E-02    0.56664E+02
    0.60340E-02    0.57333E+02
    0.61559E-02    0.57999E+02
    0.62803E-02    0.58665E+02
    0.64072E-02    0.59327E+02
    0.65366E-02    0.59987E+02
    0.66686E-02    0.60644E+02
    0.68033E-02    0.61297E+02
    0.69408E-02    0.61945E+02
    0.70810E-02    0.62589E+02
    0.72240E-02    0.63228E+02
    0.73700E-02    0.63861E+02
    0.75189E-02    0.64487E+02
    0.76708E-02    0.65107E+02
    0.78257E-02    0.65719E+02
    0.79838E-02    0.66324E+02
    0.81451E-02    0.66919E+02
    0.83096E-02    0.67506E+02
    0.84775E-02    0.68082E+02
    0.86488E-02    0.68649E+02
    0.88235E-02    0.69204E+02
    0.90017E-02    0.69747E+02
    0.91836E-02    0.70277E+02
    0.93691E-02    0.70795E+02
    0.95583E-02    0.71298E+02
    0.97514E-02    0.71787E+02
    0.99484E-02    0.72261E+02
    0.10149E-01    0.72719E+02
    0.10354E-01    0.73159E+02
    0.10564E-01    0.73582E+02
    0.10777E-01    0.73987E+02
    0.10995E-01    0.74371E+02
    0.11217E-01    0.74736E+02
    0.11443E-01    0.75079E+02
    0.11675E-01    0.75401E+02
    0.11910E-01    0.75701E+02
    0.12151E-01    0.75978E+02
    0.12397E-01    0.76232E+02
    0.12647E-01    0.76460E+02
    0.12902E-01    0.76662E+02
    0.13163E-01    0.76834E+02
    0.13429E-01    0.76976E+02
    0.13700E-01    0.77086E+02
    0.13977E-01    0.77166E+02
    0.14259E-01    0.77220E+02
    0.14547E-01    0.77251E+02
    0.14841E-01    0.77263E+02
    0.15141E-01    0.77256E+02
    0.15447E-01    0.77225E+02
    0.15759E-01    0.77163E+02
    0.16077E-01    0.77065E+02
    0.16402E-01    0.76923E+02
    0.16734E-01    0.76733E+02
    0.17072E-01    0.76499E+02
    0.17416E-01    0.76223E+02
    0.17768E-01    0.75910E+02
    0.18127E-01    0.75564E+02
    0.18493E-01    0.75187E+02
    0.18867E-01    0.74774E+02
    0.19248E-01    0.74323E+02
    0.19637E-01    0.73828E+02
    0.20034E-01    0.73287E+02
    0.20438E-01    0.72698E+02
    0.20851E-01    0.72066E+02
    0.21272E-01    0.71396E+02
    0.21702E-01    0.70692E+02
    0.22141E-01    0.69958E+02
    0.22588E-01    0.69200E+02
    0.23044E-01    0.68416E+02
    0.23510E-01    0.67608E+02
    0.23985E-01    0.66775E+02
    0.24469E-01    0.65919E+02
    0.24964E-01    0.65039E+02
    0.25468E-01    0.64135E+02
    0.25982E-01    0.63207E+02
    0.26507E-01    0.62255E+02
    0.27043E-01    0.61280E+02
    0.27589E-01    0.60282E+02
    0.28146E-01    0.59264E+02
    0.28715E-01    0.58230E+02
    0.29295E-01    0.57182E+02
    0.29887E-01    0.56124E+02
    0.30490E-01    0.55059E+02
    0.31106E-01    0.53991E+02
    0.31735E-01    0.52924E+02
    0.32376E-01    0.51861E+02
    0.33030E-01    0.50808E+02
    0.33697E-01    0.49765E+02
    0.34378E-01    0.48737E+02
    0.35072E-01    0.47724E+02
    0.35781E-01    0.46730E+02
    0.36504E-01    0.45756E+02
    0.37241E-01    0.44804E+02
    0.37993E-01    0.43875E+02
    0.38761E-01    0.42972E+02
    0.39544E-01    0.42094E+02
    0.40343E-01    0.41243E+02
    0.41158E-01    0.40422E+02
    0.41989E-01    0.39633E+02
    0.42838E-01    0.38878E+02
    0.43703E-01    0.38161E+02
    0.44586E-01    0.37484E+02
    0.45486E-01    0.36843E+02
    0.46405E-01    0.36236E+02
    0.47343E-01    0.35660E+02
    0.48299E-01    0.35111E+02
    0.49275E-01    0.34587E+02
    0.50270E-01    0.34085E+02
    0.51286E-01    0.33602E+02
    0.52322E-01    0.33135E+02
    0.53379E-01    0.32683E+02
    0.54457E-01    0.32241E+02
    0.55557E-01    0.31807E+02
    0.56680E-01    0.31376E+02
    0.57825E-01    0.30944E+02
    0.58993E-01    0.30506E+02
    0.60184E-01    0.30057E+02
    0.61400E-01    0.29592E+02
    0.62641E-01    0.29102E+02
    0.63906E-01    0.28582E+02
    0.65197E-01    0.28027E+02
    0.66514E-01    0.27442E+02
    0.67858E-01    0.26834E+02
    0.69229E-01    0.26205E+02
    0.70627E-01    0.25547E+02
    0.72054E-01    0.24849E+02
    0.73510E-01    0.24107E+02
    0.74994E-01    0.23335E+02
    0.76509E-01    0.22547E+02
    0.78055E-01    0.21754E+02
    0.79632E-01    0.20959E+02
    0.81241E-01    0.20170E+02
    0.82882E-01    0.19392E+02
    0.84556E-01    0.18634E+02
    0.86264E-01    0.17903E+02
    0.88007E-01    0.17207E+02
    0.89785E-01    0.16552E+02
    0.91598E-01    0.15944E+02
    0.93449E-01    0.15388E+02
    0.95337E-01    0.14887E+02
    0.97263E-01    0.14442E+02
    0.99227E-01    0.14051E+02
    0.10123E+00    0.13711E+02
    0.10328E+00    0.13415E+02
    0.10536E+00    0.13156E+02
    0.10749E+00    0.12924E+02
    0.10966E+00    0.12707E+02
    0.11188E+00    0.12497E+02
    0.11414E+00    0.12281E+02
    0.11644E+00    0.12051E+02
    0.11880E+00    0.11798E+02
    0.12120E+00    0.11516E+02
    0.12365E+00    0.11202E+02
    0.12614E+00    0.10854E+02
    0.12869E+00    0.10476E+02
    0.13129E+00    0.10070E+02
    0.13394E+00    0.96469E+01
    0.13665E+00    0.92142E+01
    0.13941E+00    0.87840E+01
    0.14223E+00    0.83680E+01
    0.14510E+00    0.79781E+01
    0.14803E+00    0.76240E+01
    0.15102E+00    0.73127E+01
    0.15407E+00    0.70458E+01
    0.15718E+00    0.68215E+01
    0.16036E+00    0.66335E+01
    0.16360E+00    0.64737E+01
    0.16690E+00    0.63329E+01
    0.17028E+00    0.62008E+01
    0.17371E+00    0.60665E+01
    0.17722E+00    0.59192E+01
    0.18080E+00    0.57505E+01
    0.18446E+00    0.55572E+01
    0.18818E+00    0.53413E+01
    0.19198E+00    0.51100E+01
    0.19586E+00    0.48728E+01
    0.19982E+00    0.46393E+01
    0.20386E+00    0.44189E+01
    0.20797E+00    0.42194E+01
    0.21218E+00    0.40461E+01
    0.21646E+00    0.38998E+01
    0.22083E+00    0.37770E+01
    0.22530E+00    0.36706E+01
    0.22985E+00    0.35720E+01
    0.23449E+00    0.34725E+01
    0.23923E+00    0.33647E+01
    0.24406E+00    0.32448E+01
    0.24899E+00    0.31139E+01
    0.25402E+00    0.29766E+01
    0.25915E+00    0.28394E+01
    0.26439E+00    0.27092E+01
    0.26973E+00    0.25912E+01
    0.27518E+00    0.24882E+01
    0.28074E+00    0.23988E+01
    0.28641E+00    0.23189E+01
    0.29219E+00    0.22431E+01
    0.29810E+00    0.21664E+01
    0.30412E+00    0.20854E+01
    0.31026E+00    0.20001E+01
    0.31653E+00    0.19130E+01
    0.32292E+00    0.18282E+01
    0.32945E+00    0.17492E+01
    0.33610E+00    0.16777E+01
    0.34289E+00    0.16133E+01
    0.34982E+00    0.15537E+01
    0.35689E+00    0.14959E+01
    0.36409E+00    0.14377E+01
    0.37145E+00    0.13784E+01
    0.37895E+00    0.13193E+01
    0.38661E+00    0.12624E+01
    0.39442E+00    0.12092E+01
    0.40239E+00    0.11599E+01
    0.41052E+00    0.11139E+01
    0.41881E+00    0.10695E+01
    0.42727E+00    0.10259E+01
    0.43590E+00    0.98269E+00
    0.44471E+00    0.94062E+00
    0.45369E+00    0.90058E+00
    0.46286E+00    0.86282E+00
    0.47221E+00    0.82711E+00
    0.48174E+00    0.79284E+00
    0.49148E+00    0.75947E+00
    0.50141E+00    0.72706E+00
    0.51153E+00    0.69585E+00
    0.52187E+00    0.66613E+00
    0.53241E+00    0.63785E+00
    0.54317E+00    0.61075E+00
    0.55414E+00    0.58461E+00
    0.56533E+00    0.55939E+00
    0.57675E+00    0.53520E+00
    0.58840E+00    0.51205E+00
    0.60029E+00    0.48989E+00
    0.61242E+00    0.46866E+00
    0.62479E+00    0.44831E+00
    0.63741E+00    0.42879E+00
    0.65029E+00    0.41007E+00
    0.66342E+00    0.39212E+00
    0.67683E+00    0.37491E+00
    0.69050E+00    0.35843E+00
    0.70445E+00    0.34264E+00
    0.71868E+00    0.32751E+00
    0.73320E+00    0.31302E+00
    0.74801E+00    0.29915E+00
    0.76312E+00    0.28586E+00
    0.77854E+00    0.27314E+00
    0.79426E+00    0.26096E+00
    0.81031E+00    0.24930E+00
    0.82668E+00    0.23813E+00
    0.84338E+00    0.22745E+00
    0.86041E+00    0.21723E+00
    0.87780E+00    0.20745E+00
    0.89553E+00    0.19810E+00
    0.91362E+00    0.18915E+00
    0.93208E+00    0.18059E+00
    0.95091E+00    0.17240E+00
    0.97011E+00    0.16457E+00
    0.98971E+00    0.15708E+00
    0.10097E+01    0.14992E+00
    0.10301E+01    0.14307E+00
    0.10509E+01    0.13653E+00
    0.10721E+01    0.13027E+00
    0.10938E+01    0.12430E+00
    0.11159E+01    0.11858E+00
    0.11384E+01    0.11313E+00
    0.11614E+01    0.10791E+00
    0.11849E+01    0.10293E+00
    0.12088E+01    0.98167E-01
    0.12333E+01    0.93620E-01
    0.12582E+01    0.89276E-01
    0.12836E+01    0.85128E-01
    0.13095E+01    0.81167E-01
    0.13360E+01    0.77384E-01
    0.13630E+01    0.73773E-01
    0.13905E+01    0.70325E-01
    0.14186E+01    0.67033E-01
    0.14472E+01    0.63891E-01
    0.14765E+01    0.60892E-01
    0.15063E+01    0.58030E-01
    0.15367E+01    0.55299E-01
    0.15678E+01    0.52693E-01
    0.15994E+01    0.50206E-01
    0.16318E+01    0.47834E-01
    0.16647E+01    0.45571E-01
    0.16984E+01    0.43411E-01
    0.17327E+01    0.41352E-01
    0.17677E+01    0.39387E-01
    0.18034E+01    0.37514E-01
    0.18398E+01    0.35728E-01
    0.18770E+01    0.34024E-01
    0.19149E+01    0.32400E-01
    0.19536E+01    0.30852E-01
    0.19930E+01    0.29375E-01
    0.20333E+01    0.27968E-01
    0.20744E+01    0.26626E-01
    0.21163E+01    0.25348E-01
    0.21590E+01    0.24129E-01
    0.22026E+01    0.22968E-01
    0.22471E+01    0.21861E-01
    0.22925E+01    0.20806E-01
    0.23388E+01    0.19801E-01
    0.23861E+01    0.18844E-01
    0.24343E+01    0.17932E-01
    0.24835E+01    0.17063E-01
    0.25336E+01    0.16236E-01
    0.25848E+01    0.15447E-01
    0.26370E+01    0.14696E-01
    0.26903E+01    0.13981E-01
    0.27447E+01    0.13300E-01
    0.28001E+01    0.12652E-01
    0.28567E+01    0.12034E-01
    0.29144E+01    0.11446E-01
    0.29733E+01    0.10886E-01
    0.30333E+01    0.10354E-01
    0.30946E+01    0.98462E-02
    0.31571E+01    0.93633E-02
    0.32209E+01    0.89036E-02
    0.32860E+01    0.84660E-02
    0.33523E+01    0.80496E-02
    0.34201E+01    0.76533E-02
    0.34892E+01    0.72762E-02
    0.35596E+01    0.69173E-02
    0.36316E+01    0.65758E-02
    0.37049E+01    0.62509E-02
    0.37798E+01    0.59417E-02
    0.38561E+01    0.56476E-02
    0.39340E+01    0.53678E-02
    0.40135E+01    0.51017E-02
    0.40946E+01    0.48485E-02
    0.41773E+01    0.46076E-02
    0.42617E+01    0.43786E-02
    0.43478E+01    0.41607E-02
    0.44356E+01    0.39535E-02
    0.45252E+01    0.37565E-02
    0.46166E+01    0.35691E-02
    0.47099E+01    0.33910E-02
    0.48050E+01    0.32216E-02
    0.49021E+01    0.30605E-02
    0.50011E+01    0.29074E-02
    0.51021E+01    0.27618E-02
    0.52052E+01    0.26234E-02
    0.53104E+01    0.24918E-02
    0.54176E+01    0.23667E-02
    0.55271E+01    0.22479E-02
    0.56387E+01    0.21349E-02
    0.57526E+01    0.20275E-02
    0.58689E+01    0.19254E-02
    0.59874E+01    0.18284E-02
    0.61084E+01    0.17362E-02
    0.62318E+01    0.16486E-02
    0.63577E+01    0.15654E-02
    0.64861E+01    0.14863E-02
    0.66171E+01    0.14112E-02
    0.67508E+01    0.13398E-02
    0.68872E+01    0.12720E-02
    0.70263E+01    0.12075E-02
    0.71682E+01    0.11463E-02
    0.73130E+01    0.10881E-02
    0.74608E+01    0.10329E-02
    0.76115E+01    0.98043E-03
    0.77653E+01    0.93060E-03
    0.79221E+01    0.88326E-03
    0.80822E+01    0.83831E-03
    0.82454E+01    0.79561E-03
    0.84120E+01    0.75506E-03
    0.85819E+01    0.71656E-03
    0.87553E+01    0.68000E-03
    0.89322E+01    0.64528E-03
    0.91126E+01    0.61231E-03
    0.92967E+01    0.58101E-03
    0.94845E+01    0.55129E-03
    0.96761E+01    0.52307E-03
    0.98716E+01    0.49628E-03
    0.10071E+02    0.47085E-03
    0.10274E+02    0.44671E-03
    0.10482E+02    0.42379E-03
    0.10694E+02    0.40203E-03
    0.10910E+02    0.38138E-03
    0.11130E+02    0.36178E-03
    0.11355E+02    0.34318E-03
    0.11584E+02    0.32552E-03
    0.11818E+02    0.30876E-03
    0.12057E+02    0.29285E-03
    0.12301E+02    0.27776E-03
    0.12549E+02    0.26344E-03
    0.12803E+02    0.24985E-03
    0.13061E+02    0.23695E-03
    0.13325E+02    0.22471E-03
    0.13594E+02    0.21310E-03
    0.13869E+02    0.20208E-03
    0.14149E+02    0.19162E-03
    0.14435E+02    0.18170E-03
    0.14727E+02    0.17229E-03
    0.15024E+02    0.16337E-03
    0.15328E+02    0.15490E-03
    0.15637E+02    0.14686E-03
    0.15953E+02    0.13924E-03
    0.16275E+02    0.13201E-03
    0.16604E+02    0.12515E-03
    0.16940E+02    0.11865E-03
    0.17282E+02    0.11248E-03
    0.17631E+02    0.10663E-03
    0.17987E+02    0.10108E-03
    0.18351E+02    0.95815E-04
    0.18721E+02    0.90823E-04
    0.19099E+02    0.86089E-04
    0.19485E+02    0.81599E-04
    0.19879E+02    0.77342E-04
    0.20280E+02    0.73305E-04
    0.20690E+02    0.69477E-04
    0.21108E+02    0.65846E-04
    0.21535E+02    0.62405E-04
    0.21970E+02    0.59141E-04
    0.22413E+02    0.56047E-04
    0.22866E+02    0.53113E-04
    0.23328E+02    0.50331E-04
    0.23799E+02    0.47694E-04
    0.24280E+02    0.45194E-04
    0.24771E+02    0.42824E-04
    0.25271E+02    0.40577E-04
    0.25782E+02    0.38447E-04
    0.26302E+02    0.36429E-04
    0.26834E+02    0.34515E-04
    0.27376E+02    0.32701E-04
    0.27929E+02    0.30981E-04
    0.28493E+02    0.29352E-04
    0.29069E+02    0.27807E-04
    0.29656E+02    0.26343E-04
    0.30255E+02    0.24955E-04
    0.30866E+02    0.23640E-04
    0.31490E+02    0.22394E-04
    0.32126E+02    0.21213E-04
    0.32775E+02    0.20094E-04
    0.33437E+02    0.19033E-04
    0.34112E+02    0.18028E-04
    0.34801E+02    0.17076E-04
    0.35504E+02    0.16173E-04
    0.36222E+02    0.15318E-04
    0.36953E+02    0.14508E-04
    0.37700E+02    0.13740E-04
    0.38462E+02    0.13012E-04
    0.39239E+02    0.12323E-04
    0.40031E+02    0.11670E-04
    0.40840E+02    0.11051E-04
    0.41665E+02    0.10465E-04
    0.42507E+02    0.99101E-05
    0.43365E+02    0.93841E-05
    0.44241E+02    0.88858E-05
    0.45135E+02    0.84137E-05
    0.46047E+02    0.79665E-05
    0.46977E+02    0.75430E-05
    0.47926E+02    0.71417E-05
    0.48894E+02    0.67617E-05
    0.49882E+02    0.64017E-05
    0.50890E+02    0.60607E-05
    0.51918E+02    0.57378E-05
    0.52966E+02    0.54319E-05
    0.54036E+02    0.51422E-05
    0.55128E+02    0.48678E-05
    0.56242E+02    0.46080E-05
    0.57378E+02    0.43619E-05
    0.58537E+02    0.41288E-05
    0.59720E+02    0.39081E-05
    0.60926E+02    0.36991E-05
    0.62157E+02    0.35012E-05
    0.63412E+02    0.33138E-05
    0.64693E+02    0.31364E-05
    0.66000E+02    0.29683E-05
    0.67334E+02    0.28092E-05
    0.68694E+02    0.26586E-05
    0.70082E+02    0.25159E-05
    0.71497E+02    0.23808E-05
    0.72942E+02    0.22530E-05
    0.74415E+02    0.21319E-05
    0.75918E+02    0.20173E-05
    0.77452E+02    0.19088E-05
    0.79017E+02    0.18061E-05
    0.80613E+02    0.17088E-05
    0.82241E+02    0.16167E-05
    0.83903E+02    0.15296E-05
    0.85598E+02    0.14471E-05
    0.87327E+02    0.13690E-05
    0.89091E+02    0.12951E-05
    0.90891E+02    0.12251E-05
    0.92727E+02    0.11589E-05
    0.94600E+02    0.10962E-05
    0.96511E+02    0.10369E-05
    0.98461E+02    0.98070E-06
    0.10045E+03    0.92755E-06
    0.10248E+03    0.87725E-06
    0.10455E+03    0.82965E-06
    0.10666E+03    0.78459E-06
    0.10882E+03    0.74196E-06
    0.11101E+03    0.70162E-06
    0.11326E+03    0.66344E-06
    0.11554E+03    0.62731E-06
    0.11788E+03    0.59312E-06
    0.12026E+03    0.56078E-06
    0.12269E+03    0.53017E-06
    0.12517E+03    0.50121E-06
    0.12770E+03    0.47381E-06
    0.13028E+03    0.44789E-06
    0.13291E+03    0.42336E-06
    0.13559E+03    0.40016E-06
    0.13833E+03    0.37821E-06
    0.14113E+03    0.35744E-06
    0.14398E+03    0.33780E-06
    0.14689E+03    0.31922E-06
    0.14985E+03    0.30164E-06
    0.15288E+03    0.28502E-06
    0.15597E+03    0.26929E-06
    0.15912E+03    0.25442E-06
    0.16233E+03    0.24035E-06
    0.16561E+03    0.22704E-06
    0.16896E+03    0.21446E-06
    0.17237E+03    0.20256E-06
    0.17585E+03    0.19131E-06
    0.17941E+03    0.18067E-06
    0.18303E+03    0.17061E-06
    0.18673E+03    0.16110E-06
    0.19050E+03    0.15211E-06
    0.19435E+03    0.14361E-06
    0.19828E+03    0.13557E-06
    0.20228E+03    0.12797E-06
    0.20637E+03    0.12078E-06
    0.21054E+03    0.11399E-06
    0.21479E+03    0.10758E-06
    0.21913E+03    0.10151E-06
    0.22356E+03    0.95777E-07
    0.22807E+03    0.90359E-07
    0.23268E+03    0.85240E-07
    0.23738E+03    0.80402E-07
    0.24217E+03    0.75831E-07
    0.24707E+03    0.71513E-07
    0.25206E+03    0.67433E-07
    0.25715E+03    0.63580E-07
    0.26234E+03    0.59939E-07
    0.26764E+03    0.56501E-07
    0.27305E+03    0.53254E-07
    0.27857E+03    0.50188E-07
    0.28419E+03    0.47292E-07
    0.28994E+03    0.44558E-07
    0.29579E+03    0.41978E-07
    0.30177E+03    0.39541E-07
    0.30786E+03    0.37242E-07
    0.31408E+03    0.35071E-07
    0.32043E+03    0.33023E-07
    0.32690E+03    0.31091E-07
    0.33351E+03    0.29268E-07
    0.34024E+03    0.27548E-07
    0.34712E+03    0.25926E-07
    0.35413E+03    0.24396E-07
    0.36128E+03    0.22953E-07
    0.36858E+03    0.21591E-07
    0.37603E+03    0.20309E-07
    0.38362E+03    0.19101E-07
