  0.971146E-05  0.240903E+07  0.240903E+07  0.321186E+07  0.321186E+07  0.241961E+07  0.240908E+07
  0.107227E-04  0.240903E+07  0.240903E+07  0.321182E+07  0.321182E+07  0.241961E+07  0.240908E+07
  0.118393E-04  0.240903E+07  0.240903E+07  0.321178E+07  0.321177E+07  0.241960E+07  0.240908E+07
  0.130721E-04  0.240903E+07  0.240903E+07  0.321172E+07  0.321171E+07  0.241960E+07  0.240908E+07
  0.144334E-04  0.240903E+07  0.240903E+07  0.321165E+07  0.321164E+07  0.241959E+07  0.240908E+07
  0.159363E-04  0.240903E+07  0.240903E+07  0.321156E+07  0.321155E+07  0.241959E+07  0.240908E+07
  0.175958E-04  0.240903E+07  0.240903E+07  0.321146E+07  0.321145E+07  0.241958E+07  0.240908E+07
  0.194281E-04  0.240902E+07  0.240902E+07  0.321133E+07  0.321132E+07  0.241956E+07  0.240907E+07
  0.214511E-04  0.240902E+07  0.240902E+07  0.321117E+07  0.321116E+07  0.241955E+07  0.240907E+07
  0.236849E-04  0.240902E+07  0.240902E+07  0.321098E+07  0.321096E+07  0.241953E+07  0.240907E+07
  0.261512E-04  0.240902E+07  0.240902E+07  0.321075E+07  0.321073E+07  0.241951E+07  0.240907E+07
  0.288744E-04  0.240901E+07  0.240901E+07  0.321046E+07  0.321044E+07  0.241949E+07  0.240906E+07
  0.318811E-04  0.240901E+07  0.240901E+07  0.321012E+07  0.321009E+07  0.241945E+07  0.240906E+07
  0.352009E-04  0.240901E+07  0.240901E+07  0.320970E+07  0.320966E+07  0.241942E+07  0.240906E+07
  0.388664E-04  0.240900E+07  0.240900E+07  0.320918E+07  0.320914E+07  0.241937E+07  0.240905E+07
  0.429136E-04  0.240899E+07  0.240899E+07  0.320856E+07  0.320850E+07  0.241931E+07  0.240904E+07
  0.473823E-04  0.240899E+07  0.240899E+07  0.320779E+07  0.320773E+07  0.241924E+07  0.240904E+07
  0.523163E-04  0.240898E+07  0.240898E+07  0.320686E+07  0.320679E+07  0.241916E+07  0.240902E+07
  0.577640E-04  0.240896E+07  0.240896E+07  0.320573E+07  0.320564E+07  0.241905E+07  0.240901E+07
  0.637791E-04  0.240895E+07  0.240895E+07  0.320434E+07  0.320423E+07  0.241893E+07  0.240900E+07
  0.704205E-04  0.240893E+07  0.240893E+07  0.320266E+07  0.320252E+07  0.241877E+07  0.240898E+07
  0.777535E-04  0.240891E+07  0.240891E+07  0.320061E+07  0.320044E+07  0.241858E+07  0.240895E+07
  0.858500E-04  0.240888E+07  0.240888E+07  0.319811E+07  0.319791E+07  0.241836E+07  0.240893E+07
  0.947897E-04  0.240885E+07  0.240885E+07  0.319506E+07  0.319482E+07  0.241808E+07  0.240889E+07
  0.104660E-03  0.240881E+07  0.240881E+07  0.319135E+07  0.319105E+07  0.241774E+07  0.240885E+07
  0.115559E-03  0.240876E+07  0.240876E+07  0.318683E+07  0.318647E+07  0.241732E+07  0.240880E+07
  0.127592E-03  0.240870E+07  0.240870E+07  0.318133E+07  0.318090E+07  0.241682E+07  0.240874E+07
  0.140878E-03  0.240863E+07  0.240862E+07  0.317464E+07  0.317411E+07  0.241620E+07  0.240866E+07
  0.155548E-03  0.240854E+07  0.240854E+07  0.316650E+07  0.316585E+07  0.241545E+07  0.240857E+07
  0.171746E-03  0.240843E+07  0.240843E+07  0.315660E+07  0.315582E+07  0.241454E+07  0.240846E+07
  0.189630E-03  0.240830E+07  0.240830E+07  0.314458E+07  0.314362E+07  0.241343E+07  0.240832E+07
  0.209376E-03  0.240814E+07  0.240813E+07  0.312997E+07  0.312881E+07  0.241208E+07  0.240816E+07
  0.231179E-03  0.240795E+07  0.240794E+07  0.311225E+07  0.311085E+07  0.241043E+07  0.240796E+07
  0.255252E-03  0.240771E+07  0.240770E+07  0.309077E+07  0.308907E+07  0.240842E+07  0.240771E+07
  0.281831E-03  0.240742E+07  0.240741E+07  0.306477E+07  0.306272E+07  0.240598E+07  0.240741E+07
  0.311179E-03  0.240707E+07  0.240705E+07  0.303335E+07  0.303088E+07  0.240301E+07  0.240705E+07
  0.343582E-03  0.240664E+07  0.240662E+07  0.299546E+07  0.299248E+07  0.239940E+07  0.240661E+07
  0.379360E-03  0.240612E+07  0.240610E+07  0.294985E+07  0.294629E+07  0.239502E+07  0.240607E+07
  0.418863E-03  0.240549E+07  0.240546E+07  0.289513E+07  0.289087E+07  0.238970E+07  0.240541E+07
  0.462480E-03  0.240473E+07  0.240469E+07  0.282969E+07  0.282463E+07  0.238324E+07  0.240462E+07
  0.510638E-03  0.240380E+07  0.240375E+07  0.275179E+07  0.274581E+07  0.237542E+07  0.240365E+07
  0.563812E-03  0.240267E+07  0.240261E+07  0.265953E+07  0.265250E+07  0.236597E+07  0.240248E+07
  0.622522E-03  0.240130E+07  0.240123E+07  0.255098E+07  0.254280E+07  0.235455E+07  0.240107E+07
  0.687346E-03  0.239965E+07  0.239957E+07  0.242427E+07  0.241485E+07  0.234078E+07  0.239935E+07
  0.758921E-03  0.239765E+07  0.239755E+07  0.227784E+07  0.226712E+07  0.232424E+07  0.239728E+07
  0.837948E-03  0.239524E+07  0.239512E+07  0.211067E+07  0.209866E+07  0.230441E+07  0.239479E+07
  0.925205E-03  0.239235E+07  0.239221E+07  0.192269E+07  0.190950E+07  0.228073E+07  0.239179E+07
  0.102155E-02  0.238887E+07  0.238871E+07  0.171532E+07  0.170116E+07  0.225259E+07  0.238819E+07
  0.112792E-02  0.238472E+07  0.238452E+07  0.149193E+07  0.147717E+07  0.221932E+07  0.238390E+07
  0.124537E-02  0.237978E+07  0.237954E+07  0.125845E+07  0.124360E+07  0.218013E+07  0.237879E+07
  0.137506E-02  0.237392E+07  0.237363E+07  0.102370E+07  0.100936E+07  0.213452E+07  0.237273E+07
  0.151824E-02  0.236700E+07  0.236666E+07  0.799196E+06  0.785971E+06  0.208197E+07  0.236558E+07
  0.167634E-02  0.235889E+07  0.235848E+07  0.598274E+06  0.586565E+06  0.202209E+07  0.235721E+07
  0.185090E-02  0.234943E+07  0.234894E+07  0.433899E+06  0.423667E+06  0.195471E+07  0.234746E+07
  0.204364E-02  0.233847E+07  0.233788E+07  0.315313E+06  0.305853E+06  0.188008E+07  0.233618E+07
  0.225644E-02  0.232586E+07  0.232516E+07  0.244006E+06  0.233930E+06  0.179894E+07  0.232323E+07
  0.249141E-02  0.231145E+07  0.231062E+07  0.210761E+06  0.198433E+06  0.171253E+07  0.230845E+07
  0.275084E-02  0.229510E+07  0.229409E+07  0.196505E+06  0.181071E+06  0.162261E+07  0.229172E+07
  0.303729E-02  0.227665E+07  0.227544E+07  0.179414E+06  0.162087E+06  0.153125E+07  0.227289E+07
  0.335357E-02  0.225595E+07  0.225449E+07  0.147124E+06  0.131641E+06  0.144054E+07  0.225181E+07
  0.370278E-02  0.223283E+07  0.223107E+07  0.106092E+06  0.969027E+05  0.135218E+07  0.222834E+07
  0.408835E-02  0.220714E+07  0.220502E+07  0.758766E+05  0.742582E+05  0.126705E+07  0.220230E+07
  0.451408E-02  0.217873E+07  0.217617E+07  0.664940E+05  0.000000E+00  0.118515E+07  0.217356E+07
  0.498414E-02  0.214743E+07  0.214435E+07  0.631871E+05  0.000000E+00  0.110581E+07  0.214195E+07
  0.550314E-02  0.211318E+07  0.210948E+07  0.484701E+05  0.000000E+00  0.102566E+07  0.210738E+07
  0.607619E-02  0.207569E+07  0.207123E+07  0.335777E+05  0.000000E+00  0.945120E+06  0.206955E+07
  0.670891E-02  0.203485E+07  0.202950E+07  0.319039E+05  0.000000E+00  0.864312E+06  0.202838E+07
  0.740752E-02  0.199052E+07  0.198411E+07  0.263020E+05  0.000000E+00  0.782320E+06  0.198370E+07
  0.817888E-02  0.194254E+07  0.193486E+07  0.181860E+05  0.000000E+00  0.702000E+06  0.193535E+07
  0.903055E-02  0.189074E+07  0.188158E+07  0.177767E+05  0.000000E+00  0.626574E+06  0.188320E+07
  0.997092E-02  0.183501E+07  0.182410E+07  0.120137E+05  0.000000E+00  0.557870E+06  0.182711E+07
  0.110092E-01  0.177520E+07  0.176227E+07  0.113760E+05  0.000000E+00  0.492216E+06  0.176694E+07
  0.121556E-01  0.171118E+07  0.169591E+07  0.783272E+04  0.000000E+00  0.428155E+06  0.170254E+07
  0.134214E-01  0.164286E+07  0.162492E+07  0.656998E+04  0.000000E+00  0.370197E+06  0.163383E+07
  0.148190E-01  0.157017E+07  0.154923E+07  0.578174E+04  0.000000E+00  0.318205E+06  0.156074E+07
  0.163621E-01  0.149488E+07  0.147062E+07  0.411770E+04  0.000000E+00  0.270330E+06  0.148504E+07
  0.180659E-01  0.141403E+07  0.138618E+07  0.300423E+04  0.000000E+00  0.227204E+06  0.140378E+07
  0.199471E-01  0.132937E+07  0.129777E+07  0.243014E+04  0.000000E+00  0.189190E+06  0.131873E+07
  0.220242E-01  0.124020E+07  0.120484E+07  0.222415E+04  0.000000E+00  0.155479E+06  0.122920E+07
  0.243176E-01  0.114971E+07  0.111082E+07  0.131183E+04  0.000000E+00  0.126432E+06  0.113843E+07
  0.268499E-01  0.105894E+07  0.101706E+07  0.112279E+04  0.000000E+00  0.101868E+06  0.104748E+07
  0.296458E-01  0.968217E+06  0.924281E+06  0.776544E+03  0.000000E+00  0.811216E+05  0.956756E+06
  0.327328E-01  0.879962E+06  0.835337E+06  0.578889E+03  0.000000E+00  0.638870E+05  0.868728E+06
  0.361414E-01  0.797296E+06  0.753754E+06  0.500503E+03  0.000000E+00  0.501315E+05  0.786569E+06
  0.399048E-01  0.722195E+06  0.681767E+06  0.342929E+03  0.000000E+00  0.391345E+05  0.712286E+06
  0.438953E-01  0.658416E+06  0.622860E+06  0.000000E+00  0.000000E+00  0.308543E+05  0.649573E+06
  0.478858E-01  0.608447E+06  0.578577E+06  0.000000E+00  0.000000E+00  0.249280E+05  0.600749E+06
  0.518762E-01  0.567999E+06  0.543803E+06  0.000000E+00  0.000000E+00  0.205170E+05  0.561406E+06
  0.558667E-01  0.533861E+06  0.514633E+06  0.000000E+00  0.000000E+00  0.171329E+05  0.528232E+06
  0.598572E-01  0.503604E+06  0.488160E+06  0.000000E+00  0.000000E+00  0.144725E+05  0.498729E+06
  0.638477E-01  0.475089E+06  0.462026E+06  0.000000E+00  0.000000E+00  0.122897E+05  0.470730E+06
  0.678382E-01  0.446970E+06  0.434924E+06  0.000000E+00  0.000000E+00  0.104665E+05  0.442904E+06
  0.718286E-01  0.419498E+06  0.407346E+06  0.000000E+00  0.000000E+00  0.891414E+04  0.415539E+06
  0.758191E-01  0.391829E+06  0.378837E+06  0.000000E+00  0.000000E+00  0.759233E+04  0.387858E+06
  0.798096E-01  0.365262E+06  0.351130E+06  0.000000E+00  0.000000E+00  0.647927E+04  0.361225E+06
  0.838001E-01  0.340512E+06  0.325346E+06  0.000000E+00  0.000000E+00  0.554880E+04  0.336418E+06
  0.887890E-01  0.313017E+06  0.297173E+06  0.000000E+00  0.000000E+00  0.460918E+04  0.308939E+06
  0.937778E-01  0.290115E+06  0.274557E+06  0.000000E+00  0.000000E+00  0.388134E+04  0.286190E+06
  0.987667E-01  0.272017E+06  0.257686E+06  0.000000E+00  0.000000E+00  0.332289E+04  0.268378E+06
  0.103756E+00  0.257994E+06  0.245539E+06  0.000000E+00  0.000000E+00  0.288987E+04  0.254728E+06
  0.108744E+00  0.246686E+06  0.236321E+06  0.000000E+00  0.000000E+00  0.254367E+04  0.243815E+06
  0.113733E+00  0.236647E+06  0.228153E+06  0.000000E+00  0.000000E+00  0.225423E+04  0.234131E+06
  0.118722E+00  0.226772E+06  0.219611E+06  0.000000E+00  0.000000E+00  0.200119E+04  0.224521E+06
  0.123711E+00  0.216430E+06  0.209931E+06  0.000000E+00  0.000000E+00  0.177307E+04  0.214336E+06
  0.128700E+00  0.205475E+06  0.199021E+06  0.000000E+00  0.000000E+00  0.156582E+04  0.203440E+06
  0.133689E+00  0.194156E+06  0.187330E+06  0.000000E+00  0.000000E+00  0.137895E+04  0.192113E+06
  0.138678E+00  0.182966E+06  0.175617E+06  0.000000E+00  0.000000E+00  0.121389E+04  0.180890E+06
  0.143667E+00  0.172502E+06  0.164733E+06  0.000000E+00  0.000000E+00  0.107153E+04  0.170406E+06
  0.148655E+00  0.163299E+06  0.155394E+06  0.000000E+00  0.000000E+00  0.951765E+03  0.161224E+06
  0.153644E+00  0.155628E+06  0.147942E+06  0.000000E+00  0.000000E+00  0.853004E+03  0.153625E+06
  0.158633E+00  0.149396E+06  0.142243E+06  0.000000E+00  0.000000E+00  0.771841E+03  0.147510E+06
  0.163622E+00  0.144258E+06  0.137834E+06  0.000000E+00  0.000000E+00  0.703835E+03  0.142516E+06
  0.168611E+00  0.139801E+06  0.134148E+06  0.000000E+00  0.000000E+00  0.645013E+03  0.138207E+06
  0.173600E+00  0.135623E+06  0.130637E+06  0.000000E+00  0.000000E+00  0.592570E+03  0.134158E+06
  0.178589E+00  0.131364E+06  0.126844E+06  0.000000E+00  0.000000E+00  0.544369E+03  0.129996E+06
  0.183578E+00  0.126809E+06  0.122519E+06  0.000000E+00  0.000000E+00  0.499061E+03  0.125500E+06
  0.188566E+00  0.121961E+06  0.117692E+06  0.000000E+00  0.000000E+00  0.456183E+03  0.120678E+06
  0.193555E+00  0.116987E+06  0.112607E+06  0.000000E+00  0.000000E+00  0.416224E+03  0.115710E+06
  0.198544E+00  0.112106E+06  0.107573E+06  0.000000E+00  0.000000E+00  0.379829E+03  0.110827E+06
  0.203533E+00  0.107518E+06  0.102877E+06  0.000000E+00  0.000000E+00  0.347344E+03  0.106243E+06
  0.208522E+00  0.103382E+06  0.987377E+05  0.000000E+00  0.000000E+00  0.318781E+03  0.102126E+06
  0.213511E+00  0.997853E+05  0.952611E+05  0.000000E+00  0.000000E+00  0.294039E+03  0.985663E+05
  0.218500E+00  0.967048E+05  0.924091E+05  0.000000E+00  0.000000E+00  0.272688E+03  0.955380E+05
  0.223489E+00  0.940289E+05  0.900275E+05  0.000000E+00  0.000000E+00  0.253984E+03  0.929231E+05
  0.228478E+00  0.916053E+05  0.879105E+05  0.000000E+00  0.000000E+00  0.237258E+03  0.905614E+05
  0.233466E+00  0.892818E+05  0.858564E+05  0.000000E+00  0.000000E+00  0.221940E+03  0.882932E+05
  0.238455E+00  0.869357E+05  0.837089E+05  0.000000E+00  0.000000E+00  0.207567E+03  0.859909E+05
  0.243444E+00  0.845021E+05  0.813913E+05  0.000000E+00  0.000000E+00  0.193875E+03  0.835879E+05
  0.248433E+00  0.819846E+05  0.789168E+05  0.000000E+00  0.000000E+00  0.180827E+03  0.810895E+05
  0.253422E+00  0.794370E+05  0.763642E+05  0.000000E+00  0.000000E+00  0.168527E+03  0.785532E+05
  0.258411E+00  0.769335E+05  0.738395E+05  0.000000E+00  0.000000E+00  0.157140E+03  0.760581E+05
  0.263400E+00  0.745481E+05  0.714463E+05  0.000000E+00  0.000000E+00  0.146722E+03  0.736828E+05
  0.268389E+00  0.723401E+05  0.692642E+05  0.000000E+00  0.000000E+00  0.137279E+03  0.714895E+05
  0.273377E+00  0.703395E+05  0.673312E+05  0.000000E+00  0.000000E+00  0.128798E+03  0.695096E+05
  0.278366E+00  0.685391E+05  0.656355E+05  0.000000E+00  0.000000E+00  0.121200E+03  0.677350E+05
  0.283355E+00  0.669015E+05  0.641260E+05  0.000000E+00  0.000000E+00  0.114306E+03  0.661262E+05
  0.288344E+00  0.653747E+05  0.627327E+05  0.000000E+00  0.000000E+00  0.107948E+03  0.646286E+05
  0.293333E+00  0.639062E+05  0.613860E+05  0.000000E+00  0.000000E+00  0.102046E+03  0.631871E+05
  0.298322E+00  0.624529E+05  0.600307E+05  0.000000E+00  0.000000E+00  0.965279E+02  0.617568E+05
  0.303311E+00  0.609894E+05  0.586367E+05  0.000000E+00  0.000000E+00  0.913107E+02  0.603117E+05
  0.308300E+00  0.595121E+05  0.572026E+05  0.000000E+00  0.000000E+00  0.863098E+02  0.588486E+05
  0.313288E+00  0.580362E+05  0.557514E+05  0.000000E+00  0.000000E+00  0.815510E+02  0.573838E+05
  0.318277E+00  0.565872E+05  0.543192E+05  0.000000E+00  0.000000E+00  0.770804E+02  0.559444E+05
  0.323266E+00  0.551915E+05  0.529426E+05  0.000000E+00  0.000000E+00  0.729205E+02  0.545585E+05
  0.328255E+00  0.538694E+05  0.516495E+05  0.000000E+00  0.000000E+00  0.690671E+02  0.532475E+05
  0.333244E+00  0.526313E+05  0.504535E+05  0.000000E+00  0.000000E+00  0.655078E+02  0.520222E+05
  0.338233E+00  0.514760E+05  0.493528E+05  0.000000E+00  0.000000E+00  0.622282E+02  0.508814E+05
  0.343222E+00  0.503928E+05  0.483324E+05  0.000000E+00  0.000000E+00  0.592025E+02  0.498137E+05
  0.348211E+00  0.493650E+05  0.473700E+05  0.000000E+00  0.000000E+00  0.563942E+02  0.488015E+05
  0.353199E+00  0.483746E+05  0.464417E+05  0.000000E+00  0.000000E+00  0.537527E+02  0.478260E+05
  0.358188E+00  0.474060E+05  0.455276E+05  0.000000E+00  0.000000E+00  0.512478E+02  0.468710E+05
  0.363177E+00  0.464484E+05  0.446145E+05  0.000000E+00  0.000000E+00  0.488671E+02  0.459252E+05
  0.368166E+00  0.454977E+05  0.436988E+05  0.000000E+00  0.000000E+00  0.465953E+02  0.449849E+05
  0.373155E+00  0.445573E+05  0.427860E+05  0.000000E+00  0.000000E+00  0.444311E+02  0.440535E+05
  0.378144E+00  0.436358E+05  0.418880E+05  0.000000E+00  0.000000E+00  0.423850E+02  0.431402E+05
  0.383133E+00  0.427415E+05  0.410168E+05  0.000000E+00  0.000000E+00  0.404628E+02  0.422540E+05
  0.388122E+00  0.418804E+05  0.401809E+05  0.000000E+00  0.000000E+00  0.386579E+02  0.414011E+05
  0.393110E+00  0.410561E+05  0.393855E+05  0.000000E+00  0.000000E+00  0.369610E+02  0.405855E+05
  0.398099E+00  0.402698E+05  0.386320E+05  0.000000E+00  0.000000E+00  0.353653E+02  0.398084E+05
  0.403088E+00  0.395194E+05  0.379171E+05  0.000000E+00  0.000000E+00  0.338593E+02  0.390674E+05
  0.408077E+00  0.387990E+05  0.372333E+05  0.000000E+00  0.000000E+00  0.324390E+02  0.383564E+05
  0.413066E+00  0.381015E+05  0.365716E+05  0.000000E+00  0.000000E+00  0.310963E+02  0.376682E+05
  0.418055E+00  0.374217E+05  0.359250E+05  0.000000E+00  0.000000E+00  0.298337E+02  0.369970E+05
  0.423044E+00  0.367558E+05  0.352890E+05  0.000000E+00  0.000000E+00  0.286374E+02  0.363393E+05
  0.428033E+00  0.361018E+05  0.346613E+05  0.000000E+00  0.000000E+00  0.274906E+02  0.356926E+05
  0.433021E+00  0.354587E+05  0.340415E+05  0.000000E+00  0.000000E+00  0.263834E+02  0.350565E+05
  0.438010E+00  0.348283E+05  0.334323E+05  0.000000E+00  0.000000E+00  0.253264E+02  0.344325E+05
  0.442999E+00  0.342133E+05  0.328377E+05  0.000000E+00  0.000000E+00  0.243305E+02  0.338239E+05
  0.447988E+00  0.336165E+05  0.322614E+05  0.000000E+00  0.000000E+00  0.233855E+02  0.332333E+05
  0.452977E+00  0.330391E+05  0.317052E+05  0.000000E+00  0.000000E+00  0.224836E+02  0.326621E+05
  0.457966E+00  0.324808E+05  0.311690E+05  0.000000E+00  0.000000E+00  0.216250E+02  0.321101E+05
  0.462955E+00  0.319408E+05  0.306520E+05  0.000000E+00  0.000000E+00  0.208210E+02  0.315765E+05
  0.467944E+00  0.314180E+05  0.301524E+05  0.000000E+00  0.000000E+00  0.200576E+02  0.310600E+05
  0.472932E+00  0.309105E+05  0.296679E+05  0.000000E+00  0.000000E+00  0.193244E+02  0.305587E+05
  0.477921E+00  0.304161E+05  0.291955E+05  0.000000E+00  0.000000E+00  0.186202E+02  0.300702E+05
  0.482910E+00  0.299325E+05  0.287327E+05  0.000000E+00  0.000000E+00  0.179513E+02  0.295924E+05
  0.487899E+00  0.294585E+05  0.282782E+05  0.000000E+00  0.000000E+00  0.173114E+02  0.291238E+05
  0.492888E+00  0.289941E+05  0.278320E+05  0.000000E+00  0.000000E+00  0.166957E+02  0.286646E+05
  0.497877E+00  0.285396E+05  0.273947E+05  0.000000E+00  0.000000E+00  0.161064E+02  0.282151E+05
  0.502866E+00  0.280953E+05  0.269669E+05  0.000000E+00  0.000000E+00  0.155475E+02  0.277756E+05
  0.507855E+00  0.276614E+05  0.265492E+05  0.000000E+00  0.000000E+00  0.150184E+02  0.273465E+05
  0.512843E+00  0.272386E+05  0.261425E+05  0.000000E+00  0.000000E+00  0.145074E+02  0.269283E+05
  0.517832E+00  0.268271E+05  0.257473E+05  0.000000E+00  0.000000E+00  0.140147E+02  0.265215E+05
  0.522821E+00  0.264268E+05  0.253633E+05  0.000000E+00  0.000000E+00  0.135411E+02  0.261258E+05
  0.527810E+00  0.260369E+05  0.249896E+05  0.000000E+00  0.000000E+00  0.130912E+02  0.257404E+05
  0.532799E+00  0.256564E+05  0.246252E+05  0.000000E+00  0.000000E+00  0.126596E+02  0.253644E+05
  0.537788E+00  0.252849E+05  0.242693E+05  0.000000E+00  0.000000E+00  0.122510E+02  0.249972E+05
  0.542777E+00  0.249218E+05  0.239214E+05  0.000000E+00  0.000000E+00  0.118607E+02  0.246384E+05
  0.547766E+00  0.245664E+05  0.235806E+05  0.000000E+00  0.000000E+00  0.114832E+02  0.242871E+05
  0.552755E+00  0.242181E+05  0.232462E+05  0.000000E+00  0.000000E+00  0.111151E+02  0.239427E+05
  0.557743E+00  0.238766E+05  0.229183E+05  0.000000E+00  0.000000E+00  0.107613E+02  0.236051E+05
  0.562732E+00  0.235424E+05  0.225971E+05  0.000000E+00  0.000000E+00  0.104260E+02  0.232746E+05
  0.567721E+00  0.232156E+05  0.222830E+05  0.000000E+00  0.000000E+00  0.101031E+02  0.229514E+05
  0.572710E+00  0.228959E+05  0.219759E+05  0.000000E+00  0.000000E+00  0.979204E+01  0.226353E+05
  0.577699E+00  0.225832E+05  0.216755E+05  0.000000E+00  0.000000E+00  0.949223E+01  0.223261E+05
  0.582688E+00  0.222774E+05  0.213820E+05  0.000000E+00  0.000000E+00  0.920854E+01  0.220238E+05
  0.630774E+00  0.196415E+05  0.188527E+05  0.000000E+00  0.000000E+00  0.693409E+01  0.194180E+05
  0.682829E+00  0.173028E+05  0.166081E+05  0.000000E+00  0.000000E+00  0.521795E+01  0.171059E+05
  0.739179E+00  0.152307E+05  0.146193E+05  0.000000E+00  0.000000E+00  0.392100E+01  0.150575E+05
  0.800180E+00  0.133968E+05  0.128590E+05  0.000000E+00  0.000000E+00  0.294613E+01  0.132444E+05
  0.866215E+00  0.117753E+05  0.113027E+05  0.000000E+00  0.000000E+00  0.221150E+01  0.116414E+05
  0.937699E+00  0.103432E+05  0.992806E+04  0.000000E+00  0.000000E+00  0.165842E+01  0.102255E+05
  0.101508E+01  0.907910E+04  0.871478E+04  0.000000E+00  0.000000E+00  0.124305E+01  0.897584E+04
  0.109885E+01  0.796441E+04  0.764485E+04  0.000000E+00  0.000000E+00  0.930149E+00  0.787383E+04
  0.118953E+01  0.698241E+04  0.670228E+04  0.000000E+00  0.000000E+00  0.696349E+00  0.690301E+04
  0.128770E+01  0.611782E+04  0.587240E+04  0.000000E+00  0.000000E+00  0.520768E+00  0.604826E+04
  0.139397E+01  0.535723E+04  0.514233E+04  0.000000E+00  0.000000E+00  0.539609E+00  0.529631E+04
  0.150901E+01  0.468860E+04  0.450053E+04  0.000000E+00  0.000000E+00  0.403297E+00  0.463529E+04
  0.163354E+01  0.410129E+04  0.393679E+04  0.000000E+00  0.000000E+00  0.301060E+00  0.405465E+04
  0.176834E+01  0.358566E+04  0.344185E+04  0.000000E+00  0.000000E+00  0.224461E+00  0.354489E+04
  0.191428E+01  0.313333E+04  0.300767E+04  0.000000E+00  0.000000E+00  0.167563E+00  0.309771E+04
  0.207225E+01  0.273676E+04  0.262700E+04  0.000000E+00  0.000000E+00  0.124849E+00  0.270564E+04
  0.224326E+01  0.238925E+04  0.229344E+04  0.000000E+00  0.000000E+00  0.931122E-01  0.236209E+04
  0.242839E+01  0.208495E+04  0.200134E+04  0.000000E+00  0.000000E+00  0.692223E-01  0.206125E+04
  0.262879E+01  0.181863E+04  0.174569E+04  0.000000E+00  0.000000E+00  0.515066E-01  0.179795E+04
  0.284573E+01  0.158565E+04  0.152206E+04  0.000000E+00  0.000000E+00  0.385046E-01  0.156762E+04
  0.308058E+01  0.138196E+04  0.132654E+04  0.000000E+00  0.000000E+00  0.285684E-01  0.136625E+04
  0.333480E+01  0.120396E+04  0.115568E+04  0.000000E+00  0.000000E+00  0.211699E-01  0.119027E+04
  0.361001E+01  0.104850E+04  0.100645E+04  0.000000E+00  0.000000E+00  0.157262E-01  0.103658E+04
  0.390792E+01  0.912771E+03  0.876160E+03  0.000000E+00  0.000000E+00  0.117720E-01  0.902392E+03
  0.423042E+01  0.794332E+03  0.762469E+03  0.000000E+00  0.000000E+00  0.864278E-02  0.785299E+03
  0.457954E+01  0.691022E+03  0.663300E+03  0.000000E+00  0.000000E+00  0.650614E-02  0.683164E+03
  0.495746E+01  0.600949E+03  0.576837E+03  0.000000E+00  0.000000E+00  0.482753E-02  0.594115E+03
  0.536658E+01  0.522446E+03  0.501480E+03  0.000000E+00  0.000000E+00  0.356398E-02  0.516504E+03
  0.580945E+01  0.454056E+03  0.435832E+03  0.000000E+00  0.000000E+00  0.260251E-02  0.448891E+03
  0.628888E+01  0.394496E+03  0.378658E+03  0.000000E+00  0.000000E+00  0.191266E-02  0.390008E+03
  0.680787E+01  0.342649E+03  0.328889E+03  0.000000E+00  0.000000E+00  0.144676E-02  0.338750E+03
  0.736969E+01  0.297530E+03  0.285578E+03  0.000000E+00  0.000000E+00  0.109852E-02  0.294144E+03
  0.797787E+01  0.258280E+03  0.247900E+03  0.000000E+00  0.000000E+00  0.784675E-03  0.255340E+03
  0.863624E+01  0.224147E+03  0.215134E+03  0.000000E+00  0.000000E+00  0.616306E-03  0.221595E+03
  0.934895E+01  0.194473E+03  0.186649E+03  0.000000E+00  0.000000E+00  0.436008E-03  0.192258E+03
  0.101205E+02  0.168685E+03  0.161893E+03  0.000000E+00  0.000000E+00  0.340678E-03  0.166762E+03
  0.109557E+02  0.146279E+03  0.140385E+03  0.000000E+00  0.000000E+00  0.246026E-03  0.144611E+03
  0.118598E+02  0.126818E+03  0.121704E+03  0.000000E+00  0.000000E+00  0.171822E-03  0.125372E+03
  0.128385E+02  0.109921E+03  0.105483E+03  0.000000E+00  0.000000E+00  0.116947E-03  0.108666E+03
  0.138980E+02  0.952530E+02  0.914018E+02  0.000000E+00  0.000000E+00  0.816548E-04  0.941649E+02
  0.150449E+02  0.825236E+02  0.791820E+02  0.000000E+00  0.000000E+00  0.848294E-04  0.815801E+02
  0.162865E+02  0.714797E+02  0.685800E+02  0.000000E+00  0.000000E+00  0.459275E-04  0.706615E+02
  0.176306E+02  0.619005E+02  0.593840E+02  0.000000E+00  0.000000E+00  0.339532E-04  0.611911E+02
  0.190855E+02  0.535937E+02  0.514095E+02  0.000000E+00  0.000000E+00  0.379803E-04  0.529787E+02
  0.206606E+02  0.463922E+02  0.444960E+02  0.000000E+00  0.000000E+00  0.155881E-04  0.458589E+02
  0.223656E+02  0.401503E+02  0.385036E+02  0.000000E+00  0.000000E+00  0.188702E-04  0.396878E+02
  0.242113E+02  0.347413E+02  0.333108E+02  0.000000E+00  0.000000E+00  0.145708E-04  0.343402E+02
  0.262093E+02  0.300553E+02  0.288119E+02  0.000000E+00  0.000000E+00  0.355343E-05  0.297073E+02
  0.283722E+02  0.259964E+02  0.249151E+02  0.000000E+00  0.000000E+00  0.822765E-05  0.256945E+02
  0.307137E+02  0.224814E+02  0.215404E+02  0.000000E+00  0.000000E+00  0.910087E-05  0.222194E+02
  0.332483E+02  0.194382E+02  0.186185E+02  0.000000E+00  0.000000E+00  0.466874E-05  0.192106E+02
  0.359921E+02  0.168038E+02  0.160891E+02  0.000000E+00  0.000000E+00  0.556254E-05  0.166060E+02
  0.389624E+02  0.145238E+02  0.139000E+02  0.000000E+00  0.000000E+00 -0.106690E-05  0.143519E+02
  0.421777E+02  0.125509E+02  0.120056E+02  0.000000E+00  0.000000E+00  0.408726E-05  0.124013E+02
  0.456584E+02  0.108441E+02  0.103667E+02  0.000000E+00  0.000000E+00  0.267393E-05  0.107138E+02
  0.494264E+02  0.936773E+01  0.894891E+01  0.000000E+00  0.000000E+00  0.291678E-05  0.925413E+01
  0.535053E+02  0.809090E+01  0.772272E+01  0.000000E+00  0.000000E+00 -0.594661E-07  0.799172E+01
  0.579208E+02  0.698683E+01  0.666239E+01  0.000000E+00  0.000000E+00 -0.878160E-06  0.690012E+01
  0.627007E+02  0.603231E+01  0.574562E+01  0.000000E+00  0.000000E+00  0.170760E-05  0.595637E+01
  0.678751E+02  0.520722E+01  0.495311E+01  0.000000E+00  0.000000E+00 -0.123224E-06  0.514057E+01
  0.734765E+02  0.449411E+01  0.426811E+01  0.000000E+00  0.000000E+00  0.117773E-05  0.443549E+01
  0.795402E+02  0.387789E+01  0.367613E+01  0.000000E+00  0.000000E+00 -0.256140E-06  0.382620E+01
  0.861042E+02  0.334547E+01  0.316462E+01  0.000000E+00  0.000000E+00  0.794573E-07  0.329976E+01
  0.932099E+02  0.288552E+01  0.272270E+01  0.000000E+00  0.000000E+00  0.328620E-06  0.284497E+01
  0.100902E+03  0.248823E+01  0.234096E+01  0.000000E+00  0.000000E+00  0.158167E-06  0.245214E+01
  0.109229E+03  0.214513E+01  0.201127E+01  0.000000E+00  0.000000E+00 -0.790327E-07  0.211288E+01
  0.118243E+03  0.184885E+01  0.172656E+01  0.000000E+00  0.000000E+00 -0.264705E-06  0.181992E+01
  0.128001E+03  0.159305E+01  0.148075E+01  0.000000E+00  0.000000E+00 -0.224428E-06  0.156698E+01
  0.138564E+03  0.137223E+01  0.126857E+01  0.000000E+00  0.000000E+00  0.145088E-06  0.134863E+01
  0.149999E+03  0.118162E+01  0.108546E+01  0.000000E+00  0.000000E+00  0.287090E-06  0.116017E+01
  0.162378E+03  0.101713E+01  0.927482E+00  0.000000E+00  0.000000E+00  0.178323E-06  0.997534E+00
  0.175778E+03  0.875192E+00  0.791234E+00  0.000000E+00  0.000000E+00 -0.913882E-08  0.857209E+00
  0.190285E+03  0.752737E+00  0.673781E+00  0.000000E+00  0.000000E+00 -0.134339E-06  0.736161E+00
  0.205988E+03  0.647109E+00  0.572586E+00  0.000000E+00  0.000000E+00 -0.808195E-08  0.631767E+00
  0.222987E+03  0.556016E+00  0.485461E+00  0.000000E+00  0.000000E+00 -0.691182E-07  0.541761E+00
  0.241389E+03  0.477475E+00  0.410520E+00  0.000000E+00  0.000000E+00  0.107962E-06  0.464187E+00
  0.261309E+03  0.409777E+00  0.346138E+00  0.000000E+00  0.000000E+00 -0.115871E-07  0.397357E+00
  0.282874E+03  0.351443E+00  0.290910E+00  0.000000E+00  0.000000E+00  0.545120E-07  0.339813E+00
  0.306218E+03  0.301199E+00  0.243631E+00  0.000000E+00  0.000000E+00 -0.547742E-07  0.290296E+00
  0.331489E+03  0.257945E+00  0.203256E+00  0.000000E+00  0.000000E+00 -0.397137E-07  0.247722E+00
  0.358845E+03  0.220730E+00  0.168884E+00  0.000000E+00  0.000000E+00 -0.492250E-07  0.211152E+00
  0.388459E+03  0.188735E+00  0.139736E+00  0.000000E+00  0.000000E+00 -0.430915E-07  0.179778E+00
