  0.971146E-05  0.726176E+06  0.726176E+06  0.968220E+06  0.968219E+06  0.753119E+06  0.726312E+06
  0.107227E-04  0.726176E+06  0.726176E+06  0.968216E+06  0.968216E+06  0.753118E+06  0.726312E+06
  0.118393E-04  0.726176E+06  0.726176E+06  0.968212E+06  0.968212E+06  0.753116E+06  0.726311E+06
  0.130721E-04  0.726175E+06  0.726175E+06  0.968208E+06  0.968206E+06  0.753115E+06  0.726311E+06
  0.144334E-04  0.726175E+06  0.726175E+06  0.968202E+06  0.968200E+06  0.753113E+06  0.726311E+06
  0.159363E-04  0.726175E+06  0.726175E+06  0.968194E+06  0.968193E+06  0.753110E+06  0.726311E+06
  0.175958E-04  0.726175E+06  0.726175E+06  0.968186E+06  0.968184E+06  0.753107E+06  0.726311E+06
  0.194281E-04  0.726175E+06  0.726175E+06  0.968175E+06  0.968172E+06  0.753103E+06  0.726310E+06
  0.214511E-04  0.726174E+06  0.726174E+06  0.968162E+06  0.968159E+06  0.753099E+06  0.726310E+06
  0.236849E-04  0.726174E+06  0.726174E+06  0.968146E+06  0.968142E+06  0.753093E+06  0.726310E+06
  0.261512E-04  0.726173E+06  0.726173E+06  0.968126E+06  0.968122E+06  0.753087E+06  0.726309E+06
  0.288744E-04  0.726173E+06  0.726173E+06  0.968102E+06  0.968097E+06  0.753079E+06  0.726309E+06
  0.318811E-04  0.726172E+06  0.726172E+06  0.968073E+06  0.968067E+06  0.753069E+06  0.726308E+06
  0.352009E-04  0.726171E+06  0.726171E+06  0.968038E+06  0.968030E+06  0.753057E+06  0.726307E+06
  0.388664E-04  0.726170E+06  0.726170E+06  0.967995E+06  0.967985E+06  0.753042E+06  0.726306E+06
  0.429136E-04  0.726169E+06  0.726169E+06  0.967942E+06  0.967931E+06  0.753024E+06  0.726304E+06
  0.473823E-04  0.726168E+06  0.726167E+06  0.967878E+06  0.967864E+06  0.753002E+06  0.726303E+06
  0.523163E-04  0.726166E+06  0.726165E+06  0.967800E+06  0.967783E+06  0.752975E+06  0.726301E+06
  0.577640E-04  0.726163E+06  0.726163E+06  0.967705E+06  0.967684E+06  0.752943E+06  0.726298E+06
  0.637791E-04  0.726161E+06  0.726160E+06  0.967588E+06  0.967563E+06  0.752903E+06  0.726295E+06
  0.704205E-04  0.726157E+06  0.726157E+06  0.967447E+06  0.967416E+06  0.752855E+06  0.726292E+06
  0.777535E-04  0.726153E+06  0.726152E+06  0.967274E+06  0.967236E+06  0.752796E+06  0.726287E+06
  0.858500E-04  0.726148E+06  0.726147E+06  0.967064E+06  0.967018E+06  0.752724E+06  0.726282E+06
  0.947897E-04  0.726142E+06  0.726141E+06  0.966808E+06  0.966751E+06  0.752637E+06  0.726275E+06
  0.104660E-03  0.726134E+06  0.726133E+06  0.966495E+06  0.966427E+06  0.752530E+06  0.726267E+06
  0.115559E-03  0.726125E+06  0.726124E+06  0.966114E+06  0.966031E+06  0.752400E+06  0.726258E+06
  0.127592E-03  0.726114E+06  0.726112E+06  0.965650E+06  0.965549E+06  0.752242E+06  0.726246E+06
  0.140878E-03  0.726101E+06  0.726098E+06  0.965085E+06  0.964961E+06  0.752048E+06  0.726231E+06
  0.155548E-03  0.726084E+06  0.726082E+06  0.964396E+06  0.964245E+06  0.751813E+06  0.726214E+06
  0.171746E-03  0.726064E+06  0.726061E+06  0.963557E+06  0.963373E+06  0.751526E+06  0.726192E+06
  0.189630E-03  0.726040E+06  0.726036E+06  0.962534E+06  0.962311E+06  0.751177E+06  0.726166E+06
  0.209376E-03  0.726010E+06  0.726005E+06  0.961290E+06  0.961017E+06  0.750751E+06  0.726134E+06
  0.231179E-03  0.725974E+06  0.725967E+06  0.959774E+06  0.959443E+06  0.750232E+06  0.726095E+06
  0.255252E-03  0.725929E+06  0.725922E+06  0.957929E+06  0.957526E+06  0.749601E+06  0.726047E+06
  0.281831E-03  0.725875E+06  0.725866E+06  0.955684E+06  0.955194E+06  0.748832E+06  0.725989E+06
  0.311179E-03  0.725809E+06  0.725798E+06  0.952954E+06  0.952359E+06  0.747895E+06  0.725919E+06
  0.343582E-03  0.725729E+06  0.725715E+06  0.949635E+06  0.948912E+06  0.746756E+06  0.725833E+06
  0.379360E-03  0.725631E+06  0.725615E+06  0.945603E+06  0.944726E+06  0.745370E+06  0.725728E+06
  0.418863E-03  0.725512E+06  0.725492E+06  0.940708E+06  0.939645E+06  0.743684E+06  0.725601E+06
  0.462480E-03  0.725368E+06  0.725343E+06  0.934771E+06  0.933485E+06  0.741636E+06  0.725446E+06
  0.510638E-03  0.725191E+06  0.725161E+06  0.927580E+06  0.926026E+06  0.739149E+06  0.725257E+06
  0.563812E-03  0.724977E+06  0.724940E+06  0.918880E+06  0.917006E+06  0.736131E+06  0.725027E+06
  0.622522E-03  0.724716E+06  0.724671E+06  0.908374E+06  0.906119E+06  0.732474E+06  0.724747E+06
  0.687346E-03  0.724398E+06  0.724344E+06  0.895712E+06  0.893007E+06  0.728046E+06  0.724408E+06
  0.758921E-03  0.724013E+06  0.723946E+06  0.880491E+06  0.877259E+06  0.722695E+06  0.723995E+06
  0.837948E-03  0.723544E+06  0.723463E+06  0.862250E+06  0.858405E+06  0.716240E+06  0.723494E+06
  0.925205E-03  0.722976E+06  0.722877E+06  0.840476E+06  0.835924E+06  0.708470E+06  0.722887E+06
  0.102155E-02  0.722288E+06  0.722167E+06  0.814603E+06  0.809253E+06  0.699146E+06  0.722151E+06
  0.112792E-02  0.721454E+06  0.721308E+06  0.784038E+06  0.777800E+06  0.687993E+06  0.721261E+06
  0.124537E-02  0.720447E+06  0.720268E+06  0.748184E+06  0.740987E+06  0.674710E+06  0.720187E+06
  0.137506E-02  0.719232E+06  0.719014E+06  0.706493E+06  0.698294E+06  0.658971E+06  0.718892E+06
  0.151824E-02  0.717769E+06  0.717504E+06  0.658536E+06  0.649344E+06  0.640439E+06  0.717335E+06
  0.167634E-02  0.716013E+06  0.715690E+06  0.604108E+06  0.594008E+06  0.618784E+06  0.715469E+06
  0.185090E-02  0.713911E+06  0.713518E+06  0.543362E+06  0.532546E+06  0.593716E+06  0.713240E+06
  0.204364E-02  0.711405E+06  0.710926E+06  0.476976E+06  0.465769E+06  0.565029E+06  0.710588E+06
  0.225644E-02  0.708430E+06  0.707847E+06  0.406331E+06  0.395206E+06  0.532658E+06  0.707447E+06
  0.249141E-02  0.704916E+06  0.704207E+06  0.333666E+06  0.323236E+06  0.496751E+06  0.703749E+06
  0.275084E-02  0.700790E+06  0.699929E+06  0.262144E+06  0.253098E+06  0.457748E+06  0.699423E+06
  0.303729E-02  0.695980E+06  0.694934E+06  0.195727E+06  0.188700E+06  0.416452E+06  0.694398E+06
  0.335357E-02  0.690412E+06  0.689142E+06  0.138740E+06  0.134096E+06  0.374066E+06  0.688608E+06
  0.370278E-02  0.684023E+06  0.682482E+06  0.950327E+05  0.925922E+05  0.332157E+06  0.681995E+06
  0.408835E-02  0.676754E+06  0.674887E+06  0.667578E+05  0.655821E+05  0.292507E+06  0.674509E+06
  0.451408E-02  0.668560E+06  0.666299E+06  0.530844E+05  0.515069E+05  0.256824E+06  0.666112E+06
  0.498414E-02  0.659404E+06  0.656669E+06  0.495269E+05  0.456814E+05  0.226323E+06  0.656770E+06
  0.550314E-02  0.649271E+06  0.645966E+06  0.488661E+05  0.417862E+05  0.204653E+06  0.646486E+06
  0.607619E-02  0.638106E+06  0.634119E+06  0.442520E+05  0.350758E+05  0.184253E+06  0.635161E+06
  0.670891E-02  0.625885E+06  0.621084E+06  0.335045E+05  0.256160E+05  0.166309E+06  0.622778E+06
  0.740752E-02  0.612574E+06  0.606803E+06  0.211730E+05  0.180849E+05  0.147852E+06  0.609281E+06
  0.817888E-02  0.598122E+06  0.591201E+06  0.144568E+05  0.163110E+05  0.129637E+06  0.594621E+06
  0.903055E-02  0.582491E+06  0.574214E+06  0.145699E+05  0.000000E+00  0.111946E+06  0.578757E+06
  0.997092E-02  0.565648E+06  0.555778E+06  0.143058E+05  0.000000E+00  0.958170E+05  0.561656E+06
  0.110092E-01  0.547555E+06  0.535831E+06  0.927671E+04  0.000000E+00  0.820289E+05  0.543280E+06
  0.121556E-01  0.528179E+06  0.514313E+06  0.589268E+04  0.000000E+00  0.702961E+05  0.523590E+06
  0.134214E-01  0.507493E+06  0.491180E+06  0.666435E+04  0.000000E+00  0.595630E+05  0.502552E+06
  0.148190E-01  0.485483E+06  0.466414E+06  0.457530E+04  0.000000E+00  0.490917E+05  0.480148E+06
  0.163621E-01  0.462686E+06  0.440565E+06  0.310993E+04  0.000000E+00  0.401403E+05  0.456919E+06
  0.180659E-01  0.438198E+06  0.412777E+06  0.317595E+04  0.000000E+00  0.333971E+05  0.431978E+06
  0.199471E-01  0.412545E+06  0.383663E+06  0.178037E+04  0.000000E+00  0.270207E+05  0.405854E+06
  0.220242E-01  0.385501E+06  0.353141E+06  0.180231E+04  0.000000E+00  0.216645E+05  0.378348E+06
  0.243176E-01  0.358018E+06  0.322377E+06  0.120166E+04  0.000000E+00  0.173544E+05  0.350442E+06
  0.268499E-01  0.330386E+06  0.291947E+06  0.806927E+03  0.000000E+00  0.136169E+05  0.322471E+06
  0.296458E-01  0.302677E+06  0.262281E+06  0.747632E+03  0.000000E+00  0.107241E+05  0.294565E+06
  0.327328E-01  0.275587E+06  0.234474E+06  0.591418E+03  0.000000E+00  0.818840E+04  0.267482E+06
  0.361414E-01  0.250039E+06  0.209820E+06  0.431249E+03  0.000000E+00  0.637446E+04  0.242200E+06
  0.399048E-01  0.226614E+06  0.189148E+06  0.342779E+03  0.000000E+00  0.482358E+04  0.219338E+06
  0.438953E-01  0.206495E+06  0.173407E+06  0.000000E+00  0.000000E+00  0.373147E+04  0.200035E+06
  0.478858E-01  0.190543E+06  0.162604E+06  0.000000E+00  0.000000E+00  0.298078E+04  0.185005E+06
  0.518762E-01  0.177518E+06  0.154750E+06  0.000000E+00  0.000000E+00  0.239460E+04  0.172893E+06
  0.558667E-01  0.166503E+06  0.148290E+06  0.000000E+00  0.000000E+00  0.197262E+04  0.162680E+06
  0.598572E-01  0.156797E+06  0.142083E+06  0.000000E+00  0.000000E+00  0.167761E+04  0.153596E+06
  0.638477E-01  0.147764E+06  0.135288E+06  0.000000E+00  0.000000E+00  0.139621E+04  0.144975E+06
  0.678382E-01  0.138989E+06  0.127510E+06  0.000000E+00  0.000000E+00  0.120202E+04  0.136408E+06
  0.718286E-01  0.130526E+06  0.119019E+06  0.000000E+00  0.000000E+00  0.100619E+04  0.127981E+06
  0.758191E-01  0.122076E+06  0.109864E+06  0.000000E+00  0.000000E+00  0.839272E+03  0.119458E+06
  0.798096E-01  0.113998E+06  0.100793E+06  0.000000E+00  0.000000E+00  0.708455E+03  0.111256E+06
  0.838001E-01  0.106472E+06  0.923544E+05  0.000000E+00  0.000000E+00  0.605689E+03  0.103617E+06
  0.887890E-01  0.980659E+05  0.833479E+05  0.000000E+00  0.000000E+00  0.499159E+03  0.951549E+05
  0.937778E-01  0.909820E+05  0.765232E+05  0.000000E+00  0.000000E+00  0.417060E+03  0.881489E+05
  0.987667E-01  0.852854E+05  0.719346E+05  0.000000E+00  0.000000E+00  0.355619E+03  0.826628E+05
  0.103756E+00  0.807794E+05  0.691282E+05  0.000000E+00  0.000000E+00  0.306767E+03  0.784586E+05
  0.108744E+00  0.770871E+05  0.673374E+05  0.000000E+00  0.000000E+00  0.268479E+03  0.750973E+05
  0.113733E+00  0.738066E+05  0.657680E+05  0.000000E+00  0.000000E+00  0.235742E+03  0.721144E+05
  0.118722E+00  0.706286E+05  0.638216E+05  0.000000E+00  0.000000E+00  0.208398E+03  0.691547E+05
  0.123711E+00  0.673724E+05  0.611927E+05  0.000000E+00  0.000000E+00  0.184700E+03  0.660179E+05
  0.128700E+00  0.639883E+05  0.578772E+05  0.000000E+00  0.000000E+00  0.162487E+03  0.626620E+05
  0.133689E+00  0.605342E+05  0.541090E+05  0.000000E+00  0.000000E+00  0.141896E+03  0.591736E+05
  0.138678E+00  0.571358E+05  0.502535E+05  0.000000E+00  0.000000E+00  0.124574E+03  0.557171E+05
  0.143667E+00  0.539515E+05  0.466998E+05  0.000000E+00  0.000000E+00  0.110158E+03  0.524881E+05
  0.148655E+00  0.511288E+05  0.437591E+05  0.000000E+00  0.000000E+00  0.971980E+02  0.496602E+05
  0.153644E+00  0.487436E+05  0.415735E+05  0.000000E+00  0.000000E+00  0.865895E+02  0.473198E+05
  0.158633E+00  0.467704E+05  0.400847E+05  0.000000E+00  0.000000E+00  0.784267E+02  0.454361E+05
  0.163622E+00  0.451147E+05  0.390923E+05  0.000000E+00  0.000000E+00  0.714484E+02  0.438977E+05
  0.168611E+00  0.436646E+05  0.383452E+05  0.000000E+00  0.000000E+00  0.649291E+02  0.425704E+05
  0.173600E+00  0.423099E+05  0.376027E+05  0.000000E+00  0.000000E+00  0.595355E+02  0.413231E+05
  0.178589E+00  0.409501E+05  0.366745E+05  0.000000E+00  0.000000E+00  0.549315E+02  0.400411E+05
  0.183578E+00  0.395223E+05  0.354654E+05  0.000000E+00  0.000000E+00  0.501995E+02  0.386565E+05
  0.188566E+00  0.380247E+05  0.339979E+05  0.000000E+00  0.000000E+00  0.456254E+02  0.371713E+05
  0.193555E+00  0.365022E+05  0.323828E+05  0.000000E+00  0.000000E+00  0.416614E+02  0.356413E+05
  0.198544E+00  0.350123E+05  0.307616E+05  0.000000E+00  0.000000E+00  0.379371E+02  0.341373E+05
  0.203533E+00  0.336084E+05  0.292651E+05  0.000000E+00  0.000000E+00  0.344486E+02  0.327252E+05
  0.208522E+00  0.323341E+05  0.279904E+05  0.000000E+00  0.000000E+00  0.316557E+02  0.314573E+05
  0.213511E+00  0.312137E+05  0.269810E+05  0.000000E+00  0.000000E+00  0.293188E+02  0.303608E+05
  0.218500E+00  0.302417E+05  0.262178E+05  0.000000E+00  0.000000E+00  0.271504E+02  0.294279E+05
  0.223489E+00  0.293877E+05  0.256327E+05  0.000000E+00  0.000000E+00  0.251418E+02  0.286225E+05
  0.228478E+00  0.286101E+05  0.251359E+05  0.000000E+00  0.000000E+00  0.234803E+02  0.278950E+05
  0.233466E+00  0.278670E+05  0.246407E+05  0.000000E+00  0.000000E+00  0.220043E+02  0.271963E+05
  0.238455E+00  0.271238E+05  0.240819E+05  0.000000E+00  0.000000E+00  0.204836E+02  0.264871E+05
  0.243444E+00  0.263617E+05  0.234297E+05  0.000000E+00  0.000000E+00  0.191141E+02  0.257470E+05
  0.248433E+00  0.255811E+05  0.226927E+05  0.000000E+00  0.000000E+00  0.178543E+02  0.249774E+05
  0.253422E+00  0.247960E+05  0.219073E+05  0.000000E+00  0.000000E+00  0.166208E+02  0.241962E+05
  0.258411E+00  0.240262E+05  0.211218E+05  0.000000E+00  0.000000E+00  0.154209E+02  0.234277E+05
  0.263400E+00  0.232916E+05  0.203828E+05  0.000000E+00  0.000000E+00  0.144065E+02  0.226961E+05
  0.268389E+00  0.226084E+05  0.197252E+05  0.000000E+00  0.000000E+00  0.135709E+02  0.220205E+05
  0.273377E+00  0.219850E+05  0.191649E+05  0.000000E+00  0.000000E+00  0.126788E+02  0.214107E+05
  0.278366E+00  0.214197E+05  0.186961E+05  0.000000E+00  0.000000E+00  0.118867E+02  0.208641E+05
  0.283355E+00  0.209021E+05  0.182963E+05  0.000000E+00  0.000000E+00  0.112558E+02  0.203685E+05
  0.288344E+00  0.204182E+05  0.179352E+05  0.000000E+00  0.000000E+00  0.106077E+02  0.199072E+05
  0.293333E+00  0.199533E+05  0.175829E+05  0.000000E+00  0.000000E+00  0.993855E+01  0.194632E+05
  0.298322E+00  0.194955E+05  0.172163E+05  0.000000E+00  0.000000E+00  0.942639E+01  0.190226E+05
  0.303311E+00  0.190373E+05  0.168235E+05  0.000000E+00  0.000000E+00  0.899698E+01  0.185775E+05
  0.308300E+00  0.185775E+05  0.164052E+05  0.000000E+00  0.000000E+00  0.847934E+01  0.181268E+05
  0.313288E+00  0.181199E+05  0.159724E+05  0.000000E+00  0.000000E+00  0.795508E+01  0.176756E+05
  0.318277E+00  0.176715E+05  0.155412E+05  0.000000E+00  0.000000E+00  0.753762E+01  0.172323E+05
  0.323266E+00  0.172393E+05  0.151281E+05  0.000000E+00  0.000000E+00  0.715181E+01  0.168054E+05
  0.328255E+00  0.168289E+05  0.147454E+05  0.000000E+00  0.000000E+00  0.674298E+01  0.164016E+05
  0.333244E+00  0.164430E+05  0.143990E+05  0.000000E+00  0.000000E+00  0.640004E+01  0.160242E+05
  0.338233E+00  0.160815E+05  0.140881E+05  0.000000E+00  0.000000E+00  0.609674E+01  0.156728E+05
  0.343222E+00  0.157413E+05  0.138062E+05  0.000000E+00  0.000000E+00  0.578063E+01  0.153439E+05
  0.348211E+00  0.154179E+05  0.135434E+05  0.000000E+00  0.000000E+00  0.548021E+01  0.150321E+05
  0.353199E+00  0.151064E+05  0.132896E+05  0.000000E+00  0.000000E+00  0.523777E+01  0.147316E+05
  0.358188E+00  0.148024E+05  0.130363E+05  0.000000E+00  0.000000E+00  0.502555E+01  0.144375E+05
  0.363177E+00  0.145027E+05  0.127784E+05  0.000000E+00  0.000000E+00  0.478054E+01  0.141461E+05
  0.368166E+00  0.142061E+05  0.125149E+05  0.000000E+00  0.000000E+00  0.454262E+01  0.138565E+05
  0.373155E+00  0.139134E+05  0.122486E+05  0.000000E+00  0.000000E+00  0.434343E+01  0.135696E+05
  0.378144E+00  0.136269E+05  0.119848E+05  0.000000E+00  0.000000E+00  0.413424E+01  0.132883E+05
  0.383133E+00  0.133489E+05  0.117288E+05  0.000000E+00  0.000000E+00  0.391786E+01  0.130153E+05
  0.388122E+00  0.130809E+05  0.114848E+05  0.000000E+00  0.000000E+00  0.375639E+01  0.127526E+05
  0.393110E+00  0.128239E+05  0.112550E+05  0.000000E+00  0.000000E+00  0.361825E+01  0.125014E+05
  0.398099E+00  0.125783E+05  0.110400E+05  0.000000E+00  0.000000E+00  0.345353E+01  0.122620E+05
  0.403088E+00  0.123434E+05  0.108382E+05  0.000000E+00  0.000000E+00  0.328394E+01  0.120338E+05
  0.408077E+00  0.121176E+05  0.106466E+05  0.000000E+00  0.000000E+00  0.316184E+01  0.118148E+05
  0.413066E+00  0.118991E+05  0.104613E+05  0.000000E+00  0.000000E+00  0.303562E+01  0.116028E+05
  0.418055E+00  0.116862E+05  0.102795E+05  0.000000E+00  0.000000E+00  0.289079E+01  0.113960E+05
  0.423044E+00  0.114779E+05  0.100993E+05  0.000000E+00  0.000000E+00  0.278547E+01  0.111934E+05
  0.428033E+00  0.112736E+05  0.991979E+04  0.000000E+00  0.000000E+00  0.268496E+01  0.109943E+05
  0.433021E+00  0.110730E+05  0.974123E+04  0.000000E+00  0.000000E+00  0.255805E+01  0.107983E+05
  0.438010E+00  0.108765E+05  0.956487E+04  0.000000E+00  0.000000E+00  0.244143E+01  0.106061E+05
  0.442999E+00  0.106849E+05  0.939253E+04  0.000000E+00  0.000000E+00  0.236437E+01  0.104186E+05
  0.447988E+00  0.104989E+05  0.922583E+04  0.000000E+00  0.000000E+00  0.228735E+01  0.102367E+05
  0.452977E+00  0.103188E+05  0.906564E+04  0.000000E+00  0.000000E+00  0.218587E+01  0.100608E+05
  0.457966E+00  0.101444E+05  0.891212E+04  0.000000E+00  0.000000E+00  0.209587E+01  0.989075E+04
  0.462955E+00  0.997570E+04  0.876485E+04  0.000000E+00  0.000000E+00  0.202620E+01  0.972639E+04
  0.467944E+00  0.981220E+04  0.862308E+04  0.000000E+00  0.000000E+00  0.194560E+01  0.956729E+04
  0.472932E+00  0.965347E+04  0.848579E+04  0.000000E+00  0.000000E+00  0.186119E+01  0.941288E+04
  0.477921E+00  0.949884E+04  0.835183E+04  0.000000E+00  0.000000E+00  0.179749E+01  0.926242E+04
  0.482910E+00  0.934767E+04  0.822022E+04  0.000000E+00  0.000000E+00  0.174693E+01  0.911523E+04
  0.487899E+00  0.919959E+04  0.809045E+04  0.000000E+00  0.000000E+00  0.168191E+01  0.897091E+04
  0.492888E+00  0.905460E+04  0.796258E+04  0.000000E+00  0.000000E+00  0.161233E+01  0.882946E+04
  0.497877E+00  0.891276E+04  0.783694E+04  0.000000E+00  0.000000E+00  0.156047E+01  0.869100E+04
  0.502866E+00  0.877413E+04  0.771388E+04  0.000000E+00  0.000000E+00  0.150808E+01  0.855563E+04
  0.507855E+00  0.863877E+04  0.759377E+04  0.000000E+00  0.000000E+00  0.144780E+01  0.842346E+04
  0.512843E+00  0.850680E+04  0.747698E+04  0.000000E+00  0.000000E+00  0.140169E+01  0.829465E+04
  0.517832E+00  0.837834E+04  0.736375E+04  0.000000E+00  0.000000E+00  0.136227E+01  0.816934E+04
  0.522821E+00  0.825331E+04  0.725399E+04  0.000000E+00  0.000000E+00  0.130553E+01  0.804745E+04
  0.527810E+00  0.813147E+04  0.714738E+04  0.000000E+00  0.000000E+00  0.125373E+01  0.792873E+04
  0.532799E+00  0.801258E+04  0.704354E+04  0.000000E+00  0.000000E+00  0.122401E+01  0.781291E+04
  0.537788E+00  0.789649E+04  0.694215E+04  0.000000E+00  0.000000E+00  0.119110E+01  0.769982E+04
  0.542777E+00  0.778304E+04  0.684294E+04  0.000000E+00  0.000000E+00  0.114592E+01  0.758928E+04
  0.547766E+00  0.767201E+04  0.674561E+04  0.000000E+00  0.000000E+00  0.110793E+01  0.748107E+04
  0.552755E+00  0.756322E+04  0.664998E+04  0.000000E+00  0.000000E+00  0.107747E+01  0.737498E+04
  0.557743E+00  0.745661E+04  0.655605E+04  0.000000E+00  0.000000E+00  0.103546E+01  0.727100E+04
  0.562732E+00  0.735227E+04  0.646399E+04  0.000000E+00  0.000000E+00  0.996851E+00  0.716920E+04
  0.567721E+00  0.725024E+04  0.637394E+04  0.000000E+00  0.000000E+00  0.974214E+00  0.706965E+04
  0.572710E+00  0.715043E+04  0.628592E+04  0.000000E+00  0.000000E+00  0.949258E+00  0.697229E+04
  0.577699E+00  0.705279E+04  0.619991E+04  0.000000E+00  0.000000E+00  0.914919E+00  0.687705E+04
  0.582688E+00  0.695730E+04  0.611594E+04  0.000000E+00  0.000000E+00  0.884902E+00  0.678393E+04
  0.630774E+00  0.613404E+04  0.539282E+04  0.000000E+00  0.000000E+00  0.668257E+00  0.598128E+04
  0.682829E+00  0.540363E+04  0.475083E+04  0.000000E+00  0.000000E+00  0.505270E+00  0.526909E+04
  0.739179E+00  0.475653E+04  0.418194E+04  0.000000E+00  0.000000E+00  0.379565E+00  0.463811E+04
  0.800180E+00  0.418379E+04  0.367844E+04  0.000000E+00  0.000000E+00  0.283771E+00  0.407963E+04
  0.866215E+00  0.367740E+04  0.323326E+04  0.000000E+00  0.000000E+00  0.212082E+00  0.358586E+04
  0.937699E+00  0.323014E+04  0.284006E+04  0.000000E+00  0.000000E+00  0.158510E+00  0.314974E+04
  0.101508E+01  0.283538E+04  0.249300E+04  0.000000E+00  0.000000E+00  0.119964E+00  0.276481E+04
  0.109885E+01  0.248726E+04  0.218695E+04  0.000000E+00  0.000000E+00  0.899447E-01  0.242536E+04
  0.118953E+01  0.218058E+04  0.191732E+04  0.000000E+00  0.000000E+00  0.670475E-01  0.212632E+04
  0.128770E+01  0.191057E+04  0.167993E+04  0.000000E+00  0.000000E+00  0.500091E-01  0.186303E+04
  0.139397E+01  0.167304E+04  0.147108E+04  0.000000E+00  0.000000E+00  0.510582E-01  0.163141E+04
  0.150901E+01  0.146423E+04  0.128749E+04  0.000000E+00  0.000000E+00  0.382124E-01  0.142780E+04
  0.163354E+01  0.128081E+04  0.112622E+04  0.000000E+00  0.000000E+00  0.285198E-01  0.124895E+04
  0.176834E+01  0.111978E+04  0.984637E+03  0.000000E+00  0.000000E+00  0.211544E-01  0.109192E+04
  0.191428E+01  0.978524E+03  0.860431E+03  0.000000E+00  0.000000E+00  0.156635E-01  0.954180E+03
  0.207225E+01  0.854675E+03  0.751533E+03  0.000000E+00  0.000000E+00  0.119998E-01  0.833413E+03
  0.224326E+01  0.746151E+03  0.656110E+03  0.000000E+00  0.000000E+00  0.893127E-02  0.727590E+03
  0.242839E+01  0.651120E+03  0.572549E+03  0.000000E+00  0.000000E+00  0.649031E-02  0.634923E+03
  0.262879E+01  0.567947E+03  0.499414E+03  0.000000E+00  0.000000E+00  0.508823E-02  0.553819E+03
  0.284573E+01  0.495189E+03  0.435437E+03  0.000000E+00  0.000000E+00  0.349685E-02  0.482871E+03
  0.308058E+01  0.431578E+03  0.379502E+03  0.000000E+00  0.000000E+00  0.289240E-02  0.420842E+03
  0.333480E+01  0.375991E+03  0.330623E+03  0.000000E+00  0.000000E+00  0.188603E-02  0.366638E+03
  0.361001E+01  0.327440E+03  0.287930E+03  0.000000E+00  0.000000E+00  0.146517E-02  0.319295E+03
  0.390792E+01  0.285053E+03  0.250658E+03  0.000000E+00  0.000000E+00  0.112733E-02  0.277963E+03
  0.423042E+01  0.248066E+03  0.218133E+03  0.000000E+00  0.000000E+00  0.775364E-03  0.241895E+03
  0.457954E+01  0.215803E+03  0.189762E+03  0.000000E+00  0.000000E+00  0.543182E-03  0.210434E+03
  0.495746E+01  0.187673E+03  0.165026E+03  0.000000E+00  0.000000E+00  0.524947E-03  0.183005E+03
  0.536658E+01  0.163157E+03  0.143468E+03  0.000000E+00  0.000000E+00  0.403332E-03  0.159098E+03
  0.580945E+01  0.141800E+03  0.124686E+03  0.000000E+00  0.000000E+00  0.207778E-03  0.138272E+03
  0.628888E+01  0.123200E+03  0.108330E+03  0.000000E+00  0.000000E+00  0.171005E-03  0.120134E+03
  0.680787E+01  0.107008E+03  0.940911E+02  0.000000E+00  0.000000E+00  0.175173E-03  0.104345E+03
  0.736969E+01  0.929178E+02  0.817002E+02  0.000000E+00  0.000000E+00  0.140125E-03  0.906055E+02
  0.797787E+01  0.806602E+02  0.709208E+02  0.000000E+00  0.000000E+00  0.101037E-03  0.786527E+02
  0.863624E+01  0.700007E+02  0.615469E+02  0.000000E+00  0.000000E+00  0.502167E-04  0.682582E+02
  0.934895E+01  0.607339E+02  0.533975E+02  0.000000E+00  0.000000E+00  0.312980E-04  0.592218E+02
  0.101205E+02  0.526803E+02  0.463150E+02  0.000000E+00  0.000000E+00  0.469524E-04  0.513684E+02
  0.109557E+02  0.456832E+02  0.401616E+02  0.000000E+00  0.000000E+00  0.255839E-05  0.445453E+02
  0.118598E+02  0.396058E+02  0.348169E+02  0.000000E+00  0.000000E+00  0.162158E-04  0.386190E+02
  0.128385E+02  0.343289E+02  0.301762E+02  0.000000E+00  0.000000E+00 -0.734659E-05  0.334733E+02
  0.138980E+02  0.297482E+02  0.261477E+02  0.000000E+00  0.000000E+00  0.163452E-04  0.290064E+02
  0.150449E+02  0.257730E+02  0.226516E+02  0.000000E+00  0.000000E+00 -0.894882E-05  0.251300E+02
  0.162865E+02  0.223241E+02  0.196184E+02  0.000000E+00  0.000000E+00 -0.903920E-05  0.217668E+02
  0.176306E+02  0.193326E+02  0.169874E+02  0.000000E+00  0.000000E+00  0.141304E-04  0.188496E+02
  0.190855E+02  0.167385E+02  0.147059E+02  0.000000E+00  0.000000E+00  0.498347E-05  0.163200E+02
  0.206606E+02  0.144895E+02  0.127279E+02  0.000000E+00  0.000000E+00 -0.440747E-05  0.141269E+02
  0.223656E+02  0.125403E+02  0.110135E+02  0.000000E+00  0.000000E+00  0.100777E-04  0.122261E+02
  0.242113E+02  0.108511E+02  0.952778E+01  0.000000E+00  0.000000E+00  0.588829E-05  0.105789E+02
  0.262093E+02  0.938772E+01  0.824063E+01  0.000000E+00  0.000000E+00 -0.455246E-05  0.915184E+01
  0.283722E+02  0.812018E+01  0.712571E+01  0.000000E+00  0.000000E+00 -0.151530E-05  0.791578E+01
  0.307137E+02  0.702251E+01  0.616019E+01  0.000000E+00  0.000000E+00  0.563461E-05  0.684537E+01
  0.332483E+02  0.607215E+01  0.532420E+01  0.000000E+00  0.000000E+00  0.414614E-05  0.591859E+01
  0.359921E+02  0.524947E+01  0.460050E+01  0.000000E+00  0.000000E+00  0.179769E-05  0.511634E+01
  0.389624E+02  0.453748E+01  0.397415E+01  0.000000E+00  0.000000E+00 -0.548067E-06  0.442201E+01
  0.421777E+02  0.392139E+01  0.343213E+01  0.000000E+00  0.000000E+00  0.236916E-05  0.382120E+01
  0.456584E+02  0.338839E+01  0.296319E+01  0.000000E+00  0.000000E+00 -0.308529E-06  0.330142E+01
  0.494264E+02  0.292735E+01  0.255753E+01  0.000000E+00  0.000000E+00 -0.281010E-05  0.285181E+01
  0.535053E+02  0.252863E+01  0.220668E+01  0.000000E+00  0.000000E+00 -0.361465E-06  0.246297E+01
  0.579208E+02  0.218386E+01  0.190329E+01  0.000000E+00  0.000000E+00  0.824831E-06  0.212674E+01
  0.627007E+02  0.188580E+01  0.164096E+01  0.000000E+00  0.000000E+00  0.117690E-05  0.183605E+01
  0.678751E+02  0.162815E+01  0.141419E+01  0.000000E+00  0.000000E+00 -0.473598E-06  0.158477E+01
  0.734765E+02  0.140547E+01  0.121817E+01  0.000000E+00  0.000000E+00  0.580606E-06  0.136760E+01
  0.795402E+02  0.121305E+01  0.104877E+01  0.000000E+00  0.000000E+00 -0.123527E-05  0.117993E+01
  0.861042E+02  0.104680E+01  0.902390E+00  0.000000E+00  0.000000E+00  0.618877E-06  0.101779E+01
  0.932099E+02  0.903178E+00  0.775920E+00  0.000000E+00  0.000000E+00 -0.377136E-06  0.877708E+00
  0.100902E+03  0.779128E+00  0.666669E+00  0.000000E+00  0.000000E+00  0.149324E-07  0.756715E+00
  0.109229E+03  0.671995E+00  0.572308E+00  0.000000E+00  0.000000E+00 -0.548060E-06  0.652222E+00
  0.118243E+03  0.579485E+00  0.490817E+00  0.000000E+00  0.000000E+00  0.377235E-06  0.561990E+00
  0.128001E+03  0.499614E+00  0.420457E+00  0.000000E+00  0.000000E+00  0.890108E-07  0.484085E+00
  0.138564E+03  0.430664E+00  0.359717E+00  0.000000E+00  0.000000E+00 -0.452225E-07  0.416831E+00
  0.149999E+03  0.371149E+00  0.307294E+00  0.000000E+00  0.000000E+00  0.485992E-06  0.358782E+00
  0.162378E+03  0.319785E+00  0.262062E+00  0.000000E+00  0.000000E+00  0.952237E-08  0.308685E+00
  0.175778E+03  0.275462E+00  0.223049E+00  0.000000E+00  0.000000E+00 -0.197515E-06  0.265458E+00
  0.190285E+03  0.237220E+00  0.189414E+00  0.000000E+00  0.000000E+00 -0.163795E-06  0.228166E+00
  0.205988E+03  0.204229E+00  0.160432E+00  0.000000E+00  0.000000E+00 -0.983721E-07  0.196001E+00
  0.222987E+03  0.175772E+00  0.135477E+00  0.000000E+00  0.000000E+00  0.898523E-07  0.168263E+00
  0.241389E+03  0.151230E+00  0.114011E+00  0.000000E+00  0.000000E+00 -0.481031E-07  0.144350E+00
  0.261309E+03  0.130068E+00  0.955700E-01  0.000000E+00  0.000000E+00 -0.840259E-07  0.123743E+00
  0.282874E+03  0.111825E+00  0.797531E-01  0.000000E+00  0.000000E+00 -0.131310E-06  0.105990E+00
  0.306218E+03  0.960997E-01  0.662168E-01  0.000000E+00  0.000000E+00  0.545268E-07  0.907037E-01
  0.331489E+03  0.825495E-01  0.546647E-01  0.000000E+00  0.000000E+00  0.601507E-07  0.775503E-01
  0.358845E+03  0.708767E-01  0.448416E-01  0.000000E+00  0.000000E+00 -0.227005E-07  0.662403E-01
  0.388459E+03  0.608247E-01  0.365274E-01  0.000000E+00  0.000000E+00  0.256637E-09  0.565247E-01
