  0.971146E-05  0.904992E+06  0.904992E+06  0.120663E+07  0.120663E+07  0.928106E+06  0.905106E+06
  0.107227E-04  0.904992E+06  0.904992E+06  0.120663E+07  0.120663E+07  0.928105E+06  0.905106E+06
  0.118393E-04  0.904992E+06  0.904991E+06  0.120662E+07  0.120662E+07  0.928103E+06  0.905106E+06
  0.130721E-04  0.904991E+06  0.904991E+06  0.120661E+07  0.120661E+07  0.928101E+06  0.905106E+06
  0.144334E-04  0.904991E+06  0.904991E+06  0.120660E+07  0.120660E+07  0.928098E+06  0.905105E+06
  0.159363E-04  0.904991E+06  0.904991E+06  0.120659E+07  0.120659E+07  0.928095E+06  0.905105E+06
  0.175958E-04  0.904991E+06  0.904991E+06  0.120658E+07  0.120658E+07  0.928091E+06  0.905105E+06
  0.194281E-04  0.904990E+06  0.904990E+06  0.120656E+07  0.120656E+07  0.928086E+06  0.905104E+06
  0.214511E-04  0.904990E+06  0.904990E+06  0.120654E+07  0.120654E+07  0.928081E+06  0.905104E+06
  0.236849E-04  0.904989E+06  0.904989E+06  0.120652E+07  0.120651E+07  0.928074E+06  0.905103E+06
  0.261512E-04  0.904989E+06  0.904989E+06  0.120648E+07  0.120648E+07  0.928065E+06  0.905103E+06
  0.288744E-04  0.904988E+06  0.904988E+06  0.120645E+07  0.120644E+07  0.928055E+06  0.905102E+06
  0.318811E-04  0.904987E+06  0.904987E+06  0.120640E+07  0.120639E+07  0.928042E+06  0.905101E+06
  0.352009E-04  0.904986E+06  0.904986E+06  0.120634E+07  0.120633E+07  0.928027E+06  0.905100E+06
  0.388664E-04  0.904984E+06  0.904984E+06  0.120628E+07  0.120626E+07  0.928008E+06  0.905098E+06
  0.429136E-04  0.904983E+06  0.904982E+06  0.120619E+07  0.120618E+07  0.927985E+06  0.905096E+06
  0.473823E-04  0.904980E+06  0.904980E+06  0.120609E+07  0.120607E+07  0.927957E+06  0.905094E+06
  0.523163E-04  0.904978E+06  0.904978E+06  0.120597E+07  0.120594E+07  0.927923E+06  0.905091E+06
  0.577640E-04  0.904975E+06  0.904974E+06  0.120582E+07  0.120579E+07  0.927881E+06  0.905088E+06
  0.637791E-04  0.904971E+06  0.904970E+06  0.120563E+07  0.120560E+07  0.927830E+06  0.905084E+06
  0.704205E-04  0.904966E+06  0.904966E+06  0.120541E+07  0.120537E+07  0.927768E+06  0.905079E+06
  0.777535E-04  0.904961E+06  0.904960E+06  0.120513E+07  0.120509E+07  0.927693E+06  0.905073E+06
  0.858500E-04  0.904954E+06  0.904953E+06  0.120480E+07  0.120474E+07  0.927601E+06  0.905066E+06
  0.947897E-04  0.904945E+06  0.904944E+06  0.120439E+07  0.120432E+07  0.927489E+06  0.905056E+06
  0.104660E-03  0.904935E+06  0.904934E+06  0.120390E+07  0.120381E+07  0.927352E+06  0.905046E+06
  0.115559E-03  0.904922E+06  0.904921E+06  0.120330E+07  0.120319E+07  0.927186E+06  0.905032E+06
  0.127592E-03  0.904907E+06  0.904905E+06  0.120256E+07  0.120243E+07  0.926982E+06  0.905016E+06
  0.140878E-03  0.904888E+06  0.904886E+06  0.120167E+07  0.120151E+07  0.926735E+06  0.904996E+06
  0.155548E-03  0.904866E+06  0.904863E+06  0.120057E+07  0.120038E+07  0.926434E+06  0.904972E+06
  0.171746E-03  0.904838E+06  0.904834E+06  0.119924E+07  0.119901E+07  0.926066E+06  0.904942E+06
  0.189630E-03  0.904804E+06  0.904800E+06  0.119763E+07  0.119734E+07  0.925619E+06  0.904906E+06
  0.209376E-03  0.904763E+06  0.904758E+06  0.119566E+07  0.119531E+07  0.925074E+06  0.904863E+06
  0.231179E-03  0.904713E+06  0.904707E+06  0.119326E+07  0.119283E+07  0.924410E+06  0.904809E+06
  0.255252E-03  0.904652E+06  0.904644E+06  0.119034E+07  0.118983E+07  0.923601E+06  0.904744E+06
  0.281831E-03  0.904577E+06  0.904568E+06  0.118679E+07  0.118617E+07  0.922616E+06  0.904665E+06
  0.311179E-03  0.904487E+06  0.904475E+06  0.118248E+07  0.118172E+07  0.921418E+06  0.904568E+06
  0.343582E-03  0.904376E+06  0.904362E+06  0.117724E+07  0.117632E+07  0.919960E+06  0.904451E+06
  0.379360E-03  0.904242E+06  0.904225E+06  0.117089E+07  0.116977E+07  0.918187E+06  0.904308E+06
  0.418863E-03  0.904078E+06  0.904057E+06  0.116318E+07  0.116182E+07  0.916032E+06  0.904134E+06
  0.462480E-03  0.903878E+06  0.903853E+06  0.115384E+07  0.115221E+07  0.913414E+06  0.903921E+06
  0.510638E-03  0.903636E+06  0.903605E+06  0.114255E+07  0.114059E+07  0.910236E+06  0.903663E+06
  0.563812E-03  0.903341E+06  0.903303E+06  0.112893E+07  0.112656E+07  0.906383E+06  0.903349E+06
  0.622522E-03  0.902982E+06  0.902936E+06  0.111252E+07  0.110968E+07  0.901716E+06  0.902968E+06
  0.687346E-03  0.902546E+06  0.902489E+06  0.109280E+07  0.108941E+07  0.896072E+06  0.902504E+06
  0.758921E-03  0.902016E+06  0.901948E+06  0.106920E+07  0.106517E+07  0.889258E+06  0.901942E+06
  0.837948E-03  0.901374E+06  0.901290E+06  0.104105E+07  0.103629E+07  0.881050E+06  0.901260E+06
  0.925205E-03  0.900595E+06  0.900493E+06  0.100764E+07  0.100206E+07  0.871186E+06  0.900433E+06
  0.102155E-02  0.899653E+06  0.899529E+06  0.968245E+06  0.961752E+06  0.859371E+06  0.899433E+06
  0.112792E-02  0.898514E+06  0.898363E+06  0.922121E+06  0.914649E+06  0.845274E+06  0.898226E+06
  0.124537E-02  0.897140E+06  0.896956E+06  0.868617E+06  0.860135E+06  0.828533E+06  0.896771E+06
  0.137506E-02  0.895487E+06  0.895262E+06  0.807258E+06  0.797789E+06  0.808766E+06  0.895021E+06
  0.151824E-02  0.893502E+06  0.893228E+06  0.737877E+06  0.727529E+06  0.785592E+06  0.892923E+06
  0.167634E-02  0.891126E+06  0.890793E+06  0.660803E+06  0.649794E+06  0.758652E+06  0.890416E+06
  0.185090E-02  0.888293E+06  0.887889E+06  0.577062E+06  0.565748E+06  0.727662E+06  0.887433E+06
  0.204364E-02  0.884931E+06  0.884439E+06  0.488602E+06  0.477487E+06  0.692464E+06  0.883898E+06
  0.225644E-02  0.880960E+06  0.880361E+06  0.398461E+06  0.388172E+06  0.653101E+06  0.879735E+06
  0.249141E-02  0.876297E+06  0.875569E+06  0.310805E+06  0.302017E+06  0.609902E+06  0.874861E+06
  0.275084E-02  0.870860E+06  0.869975E+06  0.230689E+06  0.223967E+06  0.563564E+06  0.869195E+06
  0.303729E-02  0.864564E+06  0.863490E+06  0.163404E+06  0.158971E+06  0.515204E+06  0.862660E+06
  0.335357E-02  0.857336E+06  0.856032E+06  0.113315E+06  0.110782E+06  0.466356E+06  0.855188E+06
  0.370278E-02  0.849106E+06  0.847524E+06  0.822911E+05  0.804926E+05  0.418857E+06  0.846719E+06
  0.408835E-02  0.839816E+06  0.837900E+06  0.682259E+05  0.653704E+05  0.374593E+06  0.837201E+06
  0.451408E-02  0.829419E+06  0.827098E+06  0.646074E+05  0.589836E+05  0.335108E+06  0.826593E+06
  0.498414E-02  0.817869E+06  0.815063E+06  0.623171E+05  0.535105E+05  0.301155E+06  0.814853E+06
  0.550314E-02  0.805145E+06  0.801757E+06  0.540278E+05  0.439859E+05  0.275775E+06  0.801971E+06
  0.607619E-02  0.791161E+06  0.787075E+06  0.392076E+05  0.318073E+05  0.250218E+06  0.787815E+06
  0.670891E-02  0.775882E+06  0.770963E+06  0.249890E+05  0.232447E+05  0.226040E+06  0.772355E+06
  0.740752E-02  0.759258E+06  0.753348E+06  0.190761E+05  0.217937E+05  0.200783E+06  0.755525E+06
  0.817888E-02  0.741229E+06  0.734143E+06  0.197405E+05  0.000000E+00  0.176408E+06  0.737272E+06
  0.903055E-02  0.721746E+06  0.713274E+06  0.174183E+05  0.000000E+00  0.153356E+06  0.717543E+06
  0.997092E-02  0.700764E+06  0.690665E+06  0.105825E+05  0.000000E+00  0.132261E+06  0.696293E+06
  0.110092E-01  0.678232E+06  0.666239E+06  0.822216E+04  0.000000E+00  0.113926E+06  0.673470E+06
  0.121556E-01  0.654106E+06  0.639925E+06  0.869677E+04  0.000000E+00  0.980814E+05  0.649026E+06
  0.134214E-01  0.628354E+06  0.611676E+06  0.513852E+04  0.000000E+00  0.830211E+05  0.622916E+06
  0.148190E-01  0.600956E+06  0.581464E+06  0.461719E+04  0.000000E+00  0.685782E+05  0.595120E+06
  0.163621E-01  0.572579E+06  0.549974E+06  0.362952E+04  0.000000E+00  0.573037E+05  0.566316E+06
  0.180659E-01  0.542098E+06  0.516128E+06  0.267559E+04  0.000000E+00  0.475326E+05  0.535385E+06
  0.199471E-01  0.510172E+06  0.480674E+06  0.203179E+04  0.000000E+00  0.384895E+05  0.502992E+06
  0.220242E-01  0.476521E+06  0.443481E+06  0.180681E+04  0.000000E+00  0.312924E+05  0.468889E+06
  0.243176E-01  0.442339E+06  0.405959E+06  0.108250E+04  0.000000E+00  0.248732E+05  0.434295E+06
  0.268499E-01  0.407991E+06  0.368769E+06  0.845371E+03  0.000000E+00  0.197445E+05  0.399625E+06
  0.296458E-01  0.373578E+06  0.332376E+06  0.715393E+03  0.000000E+00  0.153572E+05  0.365035E+06
  0.327328E-01  0.339979E+06  0.298065E+06  0.572859E+03  0.000000E+00  0.120597E+05  0.331468E+06
  0.361414E-01  0.308348E+06  0.267372E+06  0.489427E+03  0.000000E+00  0.923749E+04  0.300134E+06
  0.399048E-01  0.279416E+06  0.241276E+06  0.245770E+03  0.000000E+00  0.710945E+04  0.271801E+06
  0.438953E-01  0.254642E+06  0.220991E+06  0.000000E+00  0.000000E+00  0.551235E+04  0.247879E+06
  0.478858E-01  0.235058E+06  0.206680E+06  0.000000E+00  0.000000E+00  0.436710E+04  0.229253E+06
  0.518762E-01  0.219105E+06  0.196012E+06  0.000000E+00  0.000000E+00  0.355415E+04  0.214244E+06
  0.558667E-01  0.205621E+06  0.187178E+06  0.000000E+00  0.000000E+00  0.294950E+04  0.201587E+06
  0.598572E-01  0.193722E+06  0.178843E+06  0.000000E+00  0.000000E+00  0.245748E+04  0.190331E+06
  0.638477E-01  0.182613E+06  0.170004E+06  0.000000E+00  0.000000E+00  0.209692E+04  0.179648E+06
  0.678382E-01  0.171779E+06  0.160172E+06  0.000000E+00  0.000000E+00  0.175826E+04  0.169031E+06
  0.718286E-01  0.161294E+06  0.149642E+06  0.000000E+00  0.000000E+00  0.148062E+04  0.158589E+06
  0.758191E-01  0.150802E+06  0.138412E+06  0.000000E+00  0.000000E+00  0.125299E+04  0.148026E+06
  0.798096E-01  0.140759E+06  0.127343E+06  0.000000E+00  0.000000E+00  0.106435E+04  0.137863E+06
  0.838001E-01  0.131401E+06  0.117046E+06  0.000000E+00  0.000000E+00  0.907254E+03  0.128397E+06
  0.887890E-01  0.120966E+06  0.105991E+06  0.000000E+00  0.000000E+00  0.748733E+03  0.117910E+06
  0.937778E-01  0.112198E+06  0.974885E+05  0.000000E+00  0.000000E+00  0.626925E+03  0.109228E+06
  0.987667E-01  0.105179E+06  0.916048E+05  0.000000E+00  0.000000E+00  0.534209E+03  0.102430E+06
  0.103756E+00  0.996566E+05  0.878224E+05  0.000000E+00  0.000000E+00  0.462459E+03  0.972211E+05
  0.108744E+00  0.951500E+05  0.852605E+05  0.000000E+00  0.000000E+00  0.403693E+03  0.930561E+05
  0.113733E+00  0.911472E+05  0.830051E+05  0.000000E+00  0.000000E+00  0.355720E+03  0.893600E+05
  0.118722E+00  0.872544E+05  0.803671E+05  0.000000E+00  0.000000E+00  0.315307E+03  0.856925E+05
  0.123711E+00  0.832433E+05  0.769913E+05  0.000000E+00  0.000000E+00  0.278681E+03  0.818055E+05
  0.128700E+00  0.790538E+05  0.728651E+05  0.000000E+00  0.000000E+00  0.245094E+03  0.776470E+05
  0.133689E+00  0.747637E+05  0.682476E+05  0.000000E+00  0.000000E+00  0.214563E+03  0.733241E+05
  0.138678E+00  0.705374E+05  0.635490E+05  0.000000E+00  0.000000E+00  0.188756E+03  0.690410E+05
  0.143667E+00  0.665793E+05  0.592099E+05  0.000000E+00  0.000000E+00  0.166514E+03  0.650397E+05
  0.148655E+00  0.630779E+05  0.555863E+05  0.000000E+00  0.000000E+00  0.147225E+03  0.615354E+05
  0.153644E+00  0.601298E+05  0.528421E+05  0.000000E+00  0.000000E+00  0.131638E+03  0.586353E+05
  0.158633E+00  0.577023E+05  0.509102E+05  0.000000E+00  0.000000E+00  0.118897E+03  0.563012E+05
  0.163622E+00  0.556747E+05  0.495610E+05  0.000000E+00  0.000000E+00  0.108249E+03  0.543951E+05
  0.168611E+00  0.539032E+05  0.485081E+05  0.000000E+00  0.000000E+00  0.987980E+02  0.527505E+05
  0.173600E+00  0.522469E+05  0.474766E+05  0.000000E+00  0.000000E+00  0.903721E+02  0.512050E+05
  0.178589E+00  0.505778E+05  0.462469E+05  0.000000E+00  0.000000E+00  0.830006E+02  0.496163E+05
  0.183578E+00  0.488171E+05  0.447072E+05  0.000000E+00  0.000000E+00  0.760754E+02  0.479006E+05
  0.188566E+00  0.469630E+05  0.428814E+05  0.000000E+00  0.000000E+00  0.694402E+02  0.460603E+05
  0.193555E+00  0.450736E+05  0.408950E+05  0.000000E+00  0.000000E+00  0.630553E+02  0.441642E+05
  0.198544E+00  0.432232E+05  0.389083E+05  0.000000E+00  0.000000E+00  0.574888E+02  0.423006E+05
  0.203533E+00  0.414806E+05  0.370697E+05  0.000000E+00  0.000000E+00  0.526395E+02  0.405508E+05
  0.208522E+00  0.399019E+05  0.354898E+05  0.000000E+00  0.000000E+00  0.482474E+02  0.389796E+05
  0.213511E+00  0.385177E+05  0.342187E+05  0.000000E+00  0.000000E+00  0.444819E+02  0.376209E+05
  0.218500E+00  0.373209E+05  0.332352E+05  0.000000E+00  0.000000E+00  0.412232E+02  0.364650E+05
  0.223489E+00  0.362725E+05  0.324615E+05  0.000000E+00  0.000000E+00  0.383895E+02  0.354670E+05
  0.228478E+00  0.353192E+05  0.317949E+05  0.000000E+00  0.000000E+00  0.358068E+02  0.345655E+05
  0.233466E+00  0.344074E+05  0.311360E+05  0.000000E+00  0.000000E+00  0.333661E+02  0.336998E+05
  0.238455E+00  0.334934E+05  0.304095E+05  0.000000E+00  0.000000E+00  0.312143E+02  0.328210E+05
  0.243444E+00  0.325533E+05  0.295807E+05  0.000000E+00  0.000000E+00  0.292268E+02  0.319039E+05
  0.248433E+00  0.315878E+05  0.286587E+05  0.000000E+00  0.000000E+00  0.272080E+02  0.309503E+05
  0.253422E+00  0.306152E+05  0.276847E+05  0.000000E+00  0.000000E+00  0.252439E+02  0.299823E+05
  0.258411E+00  0.296610E+05  0.267135E+05  0.000000E+00  0.000000E+00  0.235116E+02  0.290300E+05
  0.263400E+00  0.287507E+05  0.257981E+05  0.000000E+00  0.000000E+00  0.219827E+02  0.281234E+05
  0.268389E+00  0.279052E+05  0.249783E+05  0.000000E+00  0.000000E+00  0.205514E+02  0.272863E+05
  0.273377E+00  0.271352E+05  0.242723E+05  0.000000E+00  0.000000E+00  0.192289E+02  0.265306E+05
  0.278366E+00  0.264383E+05  0.236737E+05  0.000000E+00  0.000000E+00  0.180771E+02  0.258532E+05
  0.283355E+00  0.258013E+05  0.231570E+05  0.000000E+00  0.000000E+00  0.170944E+02  0.252392E+05
  0.288344E+00  0.252062E+05  0.226871E+05  0.000000E+00  0.000000E+00  0.161221E+02  0.246676E+05
  0.293333E+00  0.246343E+05  0.222299E+05  0.000000E+00  0.000000E+00  0.151811E+02  0.241174E+05
  0.298322E+00  0.240704E+05  0.217587E+05  0.000000E+00  0.000000E+00  0.143685E+02  0.235715E+05
  0.303311E+00  0.235051E+05  0.212598E+05  0.000000E+00  0.000000E+00  0.136565E+02  0.230199E+05
  0.308300E+00  0.229370E+05  0.207335E+05  0.000000E+00  0.000000E+00  0.129002E+02  0.224615E+05
  0.313288E+00  0.223710E+05  0.201923E+05  0.000000E+00  0.000000E+00  0.121286E+02  0.219024E+05
  0.318277E+00  0.218161E+05  0.196545E+05  0.000000E+00  0.000000E+00  0.114507E+02  0.213530E+05
  0.323266E+00  0.212814E+05  0.191389E+05  0.000000E+00  0.000000E+00  0.108562E+02  0.208241E+05
  0.328255E+00  0.207739E+05  0.186594E+05  0.000000E+00  0.000000E+00  0.103055E+02  0.203237E+05
  0.333244E+00  0.202973E+05  0.182229E+05  0.000000E+00  0.000000E+00  0.974154E+01  0.198560E+05
  0.338233E+00  0.198512E+05  0.178283E+05  0.000000E+00  0.000000E+00  0.923681E+01  0.194206E+05
  0.343222E+00  0.194318E+05  0.174683E+05  0.000000E+00  0.000000E+00  0.881077E+01  0.190130E+05
  0.348211E+00  0.190334E+05  0.171315E+05  0.000000E+00  0.000000E+00  0.837857E+01  0.186267E+05
  0.353199E+00  0.186495E+05  0.168063E+05  0.000000E+00  0.000000E+00  0.796169E+01  0.182544E+05
  0.358188E+00  0.182747E+05  0.164831E+05  0.000000E+00  0.000000E+00  0.759440E+01  0.178899E+05
  0.363177E+00  0.179049E+05  0.161557E+05  0.000000E+00  0.000000E+00  0.726386E+01  0.175289E+05
  0.368166E+00  0.175386E+05  0.158230E+05  0.000000E+00  0.000000E+00  0.693343E+01  0.171700E+05
  0.373155E+00  0.171770E+05  0.154880E+05  0.000000E+00  0.000000E+00  0.658940E+01  0.168145E+05
  0.378144E+00  0.168229E+05  0.151568E+05  0.000000E+00  0.000000E+00  0.627505E+01  0.164659E+05
  0.383133E+00  0.164793E+05  0.148354E+05  0.000000E+00  0.000000E+00  0.599734E+01  0.161277E+05
  0.388122E+00  0.161482E+05  0.145285E+05  0.000000E+00  0.000000E+00  0.574411E+01  0.158021E+05
  0.393110E+00  0.158308E+05  0.142387E+05  0.000000E+00  0.000000E+00  0.547674E+01  0.154908E+05
  0.398099E+00  0.155275E+05  0.139666E+05  0.000000E+00  0.000000E+00  0.523186E+01  0.151942E+05
  0.403088E+00  0.152377E+05  0.137105E+05  0.000000E+00  0.000000E+00  0.501405E+01  0.149114E+05
  0.408077E+00  0.149593E+05  0.134667E+05  0.000000E+00  0.000000E+00  0.479669E+01  0.146400E+05
  0.413066E+00  0.146897E+05  0.132310E+05  0.000000E+00  0.000000E+00  0.459034E+01  0.143773E+05
  0.418055E+00  0.144270E+05  0.130000E+05  0.000000E+00  0.000000E+00  0.439897E+01  0.141212E+05
  0.423044E+00  0.141700E+05  0.127714E+05  0.000000E+00  0.000000E+00  0.423359E+01  0.138701E+05
  0.428033E+00  0.139178E+05  0.125443E+05  0.000000E+00  0.000000E+00  0.407324E+01  0.136233E+05
  0.433021E+00  0.136702E+05  0.123190E+05  0.000000E+00  0.000000E+00  0.389644E+01  0.133805E+05
  0.438010E+00  0.134275E+05  0.120966E+05  0.000000E+00  0.000000E+00  0.372907E+01  0.131423E+05
  0.442999E+00  0.131908E+05  0.118795E+05  0.000000E+00  0.000000E+00  0.359390E+01  0.129100E+05
  0.447988E+00  0.129610E+05  0.116693E+05  0.000000E+00  0.000000E+00  0.347282E+01  0.126846E+05
  0.452977E+00  0.127385E+05  0.114671E+05  0.000000E+00  0.000000E+00  0.333272E+01  0.124666E+05
  0.457966E+00  0.125233E+05  0.112730E+05  0.000000E+00  0.000000E+00  0.319738E+01  0.122559E+05
  0.462955E+00  0.123150E+05  0.110865E+05  0.000000E+00  0.000000E+00  0.307945E+01  0.120522E+05
  0.467944E+00  0.121133E+05  0.109068E+05  0.000000E+00  0.000000E+00  0.297058E+01  0.118551E+05
  0.472932E+00  0.119174E+05  0.107327E+05  0.000000E+00  0.000000E+00  0.285974E+01  0.116638E+05
  0.477921E+00  0.117266E+05  0.105628E+05  0.000000E+00  0.000000E+00  0.274151E+01  0.114773E+05
  0.482910E+00  0.115400E+05  0.103961E+05  0.000000E+00  0.000000E+00  0.264986E+01  0.112949E+05
  0.487899E+00  0.113572E+05  0.102319E+05  0.000000E+00  0.000000E+00  0.256556E+01  0.111161E+05
  0.492888E+00  0.111782E+05  0.100703E+05  0.000000E+00  0.000000E+00  0.246406E+01  0.109408E+05
  0.497877E+00  0.110031E+05  0.991155E+04  0.000000E+00  0.000000E+00  0.236376E+01  0.107693E+05
  0.502866E+00  0.108319E+05  0.975615E+04  0.000000E+00  0.000000E+00  0.228337E+01  0.106015E+05
  0.507855E+00  0.106647E+05  0.960447E+04  0.000000E+00  0.000000E+00  0.221814E+01  0.104377E+05
  0.512843E+00  0.105018E+05  0.945692E+04  0.000000E+00  0.000000E+00  0.214177E+01  0.102781E+05
  0.517832E+00  0.103432E+05  0.931377E+04  0.000000E+00  0.000000E+00  0.206187E+01  0.101229E+05
  0.522821E+00  0.101888E+05  0.917492E+04  0.000000E+00  0.000000E+00  0.199142E+01  0.997182E+04
  0.527810E+00  0.100384E+05  0.903999E+04  0.000000E+00  0.000000E+00  0.193124E+01  0.982471E+04
  0.532799E+00  0.989169E+04  0.890851E+04  0.000000E+00  0.000000E+00  0.186970E+01  0.968120E+04
  0.537788E+00  0.974840E+04  0.878014E+04  0.000000E+00  0.000000E+00  0.180279E+01  0.954106E+04
  0.542777E+00  0.960836E+04  0.865455E+04  0.000000E+00  0.000000E+00  0.175010E+01  0.940409E+04
  0.547766E+00  0.947131E+04  0.853140E+04  0.000000E+00  0.000000E+00  0.169951E+01  0.927000E+04
  0.552755E+00  0.933700E+04  0.841044E+04  0.000000E+00  0.000000E+00  0.163932E+01  0.913855E+04
  0.557743E+00  0.920538E+04  0.829169E+04  0.000000E+00  0.000000E+00  0.158256E+01  0.900970E+04
  0.562732E+00  0.907656E+04  0.817532E+04  0.000000E+00  0.000000E+00  0.153302E+01  0.888356E+04
  0.567721E+00  0.895058E+04  0.806150E+04  0.000000E+00  0.000000E+00  0.149249E+01  0.876020E+04
  0.572710E+00  0.882736E+04  0.795024E+04  0.000000E+00  0.000000E+00  0.144665E+01  0.863956E+04
  0.577699E+00  0.870681E+04  0.784149E+04  0.000000E+00  0.000000E+00  0.139706E+01  0.852154E+04
  0.582688E+00  0.858893E+04  0.773529E+04  0.000000E+00  0.000000E+00  0.135260E+01  0.840616E+04
  0.630774E+00  0.757262E+04  0.682058E+04  0.000000E+00  0.000000E+00  0.102231E+01  0.741157E+04
  0.682829E+00  0.667092E+04  0.600860E+04  0.000000E+00  0.000000E+00  0.765149E+00  0.652908E+04
  0.739179E+00  0.587205E+04  0.528909E+04  0.000000E+00  0.000000E+00  0.578701E+00  0.574720E+04
  0.800180E+00  0.516499E+04  0.465228E+04  0.000000E+00  0.000000E+00  0.431550E+00  0.505518E+04
  0.866215E+00  0.453984E+04  0.408923E+04  0.000000E+00  0.000000E+00  0.325027E+00  0.444333E+04
  0.937699E+00  0.398769E+04  0.359193E+04  0.000000E+00  0.000000E+00  0.244467E+00  0.390293E+04
  0.101508E+01  0.350035E+04  0.315299E+04  0.000000E+00  0.000000E+00  0.183079E+00  0.342595E+04
  0.109885E+01  0.307059E+04  0.276590E+04  0.000000E+00  0.000000E+00  0.135703E+00  0.300533E+04
  0.118953E+01  0.269199E+04  0.242489E+04  0.000000E+00  0.000000E+00  0.102061E+00  0.263478E+04
  0.128770E+01  0.235865E+04  0.212465E+04  0.000000E+00  0.000000E+00  0.770579E-01  0.230853E+04
  0.139397E+01  0.206541E+04  0.186052E+04  0.000000E+00  0.000000E+00  0.784445E-01  0.202152E+04
  0.150901E+01  0.180763E+04  0.162832E+04  0.000000E+00  0.000000E+00  0.584266E-01  0.176922E+04
  0.163354E+01  0.158120E+04  0.142436E+04  0.000000E+00  0.000000E+00  0.440352E-01  0.154760E+04
  0.176834E+01  0.138241E+04  0.124529E+04  0.000000E+00  0.000000E+00  0.325871E-01  0.135303E+04
  0.191428E+01  0.120802E+04  0.108820E+04  0.000000E+00  0.000000E+00  0.244861E-01  0.118235E+04
  0.207225E+01  0.105512E+04  0.950477E+03  0.000000E+00  0.000000E+00  0.180643E-01  0.103270E+04
  0.224326E+01  0.921145E+03  0.829792E+03  0.000000E+00  0.000000E+00  0.137956E-01  0.901576E+03
  0.242839E+01  0.803826E+03  0.724111E+03  0.000000E+00  0.000000E+00  0.103283E-01  0.786749E+03
  0.262879E+01  0.701146E+03  0.631615E+03  0.000000E+00  0.000000E+00  0.755637E-02  0.686251E+03
  0.284573E+01  0.611325E+03  0.550702E+03  0.000000E+00  0.000000E+00  0.573690E-02  0.598338E+03
  0.308058E+01  0.532795E+03  0.479961E+03  0.000000E+00  0.000000E+00  0.410660E-02  0.521477E+03
  0.333480E+01  0.464171E+03  0.418142E+03  0.000000E+00  0.000000E+00  0.316033E-02  0.454311E+03
  0.361001E+01  0.404234E+03  0.364148E+03  0.000000E+00  0.000000E+00  0.222626E-02  0.395647E+03
  0.390792E+01  0.351906E+03  0.317009E+03  0.000000E+00  0.000000E+00  0.179484E-02  0.344431E+03
  0.423042E+01  0.306244E+03  0.275874E+03  0.000000E+00  0.000000E+00  0.125799E-02  0.299738E+03
  0.457954E+01  0.266414E+03  0.239993E+03  0.000000E+00  0.000000E+00  0.874507E-03  0.260755E+03
  0.495746E+01  0.231688E+03  0.208710E+03  0.000000E+00  0.000000E+00  0.710595E-03  0.226766E+03
  0.536658E+01  0.201422E+03  0.181444E+03  0.000000E+00  0.000000E+00  0.546415E-03  0.197143E+03
  0.580945E+01  0.175056E+03  0.157691E+03  0.000000E+00  0.000000E+00  0.428416E-03  0.171336E+03
  0.628888E+01  0.152093E+03  0.137005E+03  0.000000E+00  0.000000E+00  0.236960E-03  0.148861E+03
  0.680787E+01  0.132104E+03  0.118997E+03  0.000000E+00  0.000000E+00  0.216897E-03  0.129297E+03
  0.736969E+01  0.114710E+03  0.103326E+03  0.000000E+00  0.000000E+00  0.133834E-03  0.112271E+03
  0.797787E+01  0.995771E+02  0.896936E+02  0.000000E+00  0.000000E+00  0.135249E-03  0.974603E+02
  0.863624E+01  0.864177E+02  0.778383E+02  0.000000E+00  0.000000E+00  0.809780E-04  0.845803E+02
  0.934895E+01  0.749776E+02  0.675318E+02  0.000000E+00  0.000000E+00  0.385494E-04  0.733830E+02
  0.101205E+02  0.650351E+02  0.585745E+02  0.000000E+00  0.000000E+00  0.695293E-04  0.636517E+02
  0.109557E+02  0.563970E+02  0.507923E+02  0.000000E+00  0.000000E+00  0.121697E-04  0.551970E+02
  0.118598E+02  0.488943E+02  0.440329E+02  0.000000E+00  0.000000E+00  0.342072E-04  0.478535E+02
  0.128385E+02  0.423798E+02  0.381637E+02  0.000000E+00  0.000000E+00  0.139317E-04  0.414773E+02
  0.138980E+02  0.367248E+02  0.330689E+02  0.000000E+00  0.000000E+00  0.122829E-05  0.359423E+02
  0.150449E+02  0.318172E+02  0.286474E+02  0.000000E+00  0.000000E+00 -0.525157E-05  0.311389E+02
  0.162865E+02  0.275594E+02  0.248113E+02  0.000000E+00  0.000000E+00  0.173728E-04  0.269715E+02
  0.176306E+02  0.238663E+02  0.214839E+02  0.000000E+00  0.000000E+00  0.129275E-04  0.233567E+02
  0.190855E+02  0.206638E+02  0.185985E+02  0.000000E+00  0.000000E+00  0.529312E-05  0.202222E+02
  0.206606E+02  0.178874E+02  0.160969E+02  0.000000E+00  0.000000E+00  0.960369E-05  0.175047E+02
  0.223656E+02  0.154810E+02  0.139287E+02  0.000000E+00  0.000000E+00 -0.718248E-05  0.151493E+02
  0.242113E+02  0.133957E+02  0.120497E+02  0.000000E+00  0.000000E+00  0.623565E-05  0.131082E+02
  0.262093E+02  0.115891E+02  0.104219E+02  0.000000E+00  0.000000E+00  0.759253E-05  0.113399E+02
  0.283722E+02  0.100242E+02  0.901184E+01  0.000000E+00  0.000000E+00 -0.228031E-05  0.980828E+01
  0.307137E+02  0.866913E+01  0.779074E+01  0.000000E+00  0.000000E+00  0.328019E-05  0.848189E+01
  0.332483E+02  0.749587E+01  0.673347E+01  0.000000E+00  0.000000E+00  0.213914E-05  0.733350E+01
  0.359921E+02  0.648025E+01  0.581822E+01  0.000000E+00  0.000000E+00  0.281660E-05  0.633939E+01
  0.389624E+02  0.560127E+01  0.502607E+01  0.000000E+00  0.000000E+00 -0.297519E-05  0.547903E+01
  0.421777E+02  0.484068E+01  0.434059E+01  0.000000E+00  0.000000E+00  0.270194E-05  0.473455E+01
  0.456584E+02  0.418267E+01  0.374752E+01  0.000000E+00  0.000000E+00 -0.106901E-05  0.409047E+01
  0.494264E+02  0.361349E+01  0.323449E+01  0.000000E+00  0.000000E+00 -0.258515E-05  0.353333E+01
  0.535053E+02  0.312126E+01  0.279078E+01  0.000000E+00  0.000000E+00 -0.193384E-05  0.305151E+01
  0.579208E+02  0.269562E+01  0.240707E+01  0.000000E+00  0.000000E+00  0.482511E-06  0.263487E+01
  0.627007E+02  0.232765E+01  0.207532E+01  0.000000E+00  0.000000E+00 -0.929842E-06  0.227466E+01
  0.678751E+02  0.200957E+01  0.178852E+01  0.000000E+00  0.000000E+00 -0.871151E-06  0.196330E+01
  0.734765E+02  0.173466E+01  0.154062E+01  0.000000E+00  0.000000E+00 -0.245164E-06  0.169419E+01
  0.795402E+02  0.149711E+01  0.132638E+01  0.000000E+00  0.000000E+00  0.925927E-06  0.146164E+01
  0.861042E+02  0.129186E+01  0.114126E+01  0.000000E+00  0.000000E+00  0.913699E-06  0.126072E+01
  0.932099E+02  0.111455E+01  0.981319E+00  0.000000E+00  0.000000E+00 -0.268049E-06  0.108714E+01
  0.100902E+03  0.961402E+00  0.843155E+00  0.000000E+00  0.000000E+00  0.149208E-06  0.937213E+00
  0.109229E+03  0.829140E+00  0.723822E+00  0.000000E+00  0.000000E+00 -0.238118E-06  0.807730E+00
  0.118243E+03  0.714930E+00  0.620767E+00  0.000000E+00  0.000000E+00  0.242176E-06  0.695918E+00
  0.128001E+03  0.616324E+00  0.531789E+00  0.000000E+00  0.000000E+00 -0.111253E-06  0.599382E+00
  0.138564E+03  0.531199E+00  0.454979E+00  0.000000E+00  0.000000E+00 -0.308708E-06  0.516045E+00
  0.149999E+03  0.457724E+00  0.388690E+00  0.000000E+00  0.000000E+00  0.329726E-06  0.444114E+00
  0.162378E+03  0.394311E+00  0.331496E+00  0.000000E+00  0.000000E+00  0.346310E-06  0.382037E+00
  0.175778E+03  0.339592E+00  0.282168E+00  0.000000E+00  0.000000E+00  0.909907E-07  0.328475E+00
  0.190285E+03  0.292381E+00  0.239643E+00  0.000000E+00  0.000000E+00  0.181289E-06  0.282267E+00
  0.205988E+03  0.251653E+00  0.203005E+00  0.000000E+00  0.000000E+00  0.104606E-07  0.242413E+00
  0.222987E+03  0.216523E+00  0.171463E+00  0.000000E+00  0.000000E+00 -0.549553E-07  0.208046E+00
  0.241389E+03  0.186228E+00  0.144336E+00  0.000000E+00  0.000000E+00 -0.132237E-07  0.178422E+00
  0.261309E+03  0.160107E+00  0.121035E+00  0.000000E+00  0.000000E+00  0.921381E-07  0.152893E+00
  0.282874E+03  0.137589E+00  0.101056E+00  0.000000E+00  0.000000E+00  0.550105E-07  0.130904E+00
  0.306218E+03  0.118182E+00  0.839640E-01  0.000000E+00  0.000000E+00  0.234848E-07  0.111974E+00
  0.331489E+03  0.101462E+00  0.693830E-01  0.000000E+00  0.000000E+00  0.232116E-07  0.956878E-01
  0.358845E+03  0.870615E-01  0.569901E-01  0.000000E+00  0.000000E+00  0.405677E-07  0.816883E-01
  0.388459E+03  0.746638E-01  0.465062E-01  0.000000E+00  0.000000E+00  0.611863E-08  0.696666E-01
