    0.10000E-03    0.83979E+01
    0.10202E-03    0.85607E+01
    0.10408E-03    0.87265E+01
    0.10618E-03    0.88956E+01
    0.10833E-03    0.90680E+01
    0.11052E-03    0.92437E+01
    0.11275E-03    0.94228E+01
    0.11503E-03    0.96054E+01
    0.11735E-03    0.97915E+01
    0.11972E-03    0.99812E+01
    0.12214E-03    0.10175E+02
    0.12461E-03    0.10372E+02
    0.12712E-03    0.10573E+02
    0.12969E-03    0.10778E+02
    0.13231E-03    0.10986E+02
    0.13499E-03    0.11199E+02
    0.13771E-03    0.11416E+02
    0.14049E-03    0.11637E+02
    0.14333E-03    0.11863E+02
    0.14623E-03    0.12092E+02
    0.14918E-03    0.12327E+02
    0.15220E-03    0.12565E+02
    0.15527E-03    0.12809E+02
    0.15841E-03    0.13057E+02
    0.16161E-03    0.13310E+02
    0.16487E-03    0.13568E+02
    0.16820E-03    0.13830E+02
    0.17160E-03    0.14098E+02
    0.17507E-03    0.14371E+02
    0.17860E-03    0.14649E+02
    0.18221E-03    0.14933E+02
    0.18589E-03    0.15222E+02
    0.18965E-03    0.15517E+02
    0.19348E-03    0.15817E+02
    0.19739E-03    0.16123E+02
    0.20138E-03    0.16436E+02
    0.20544E-03    0.16754E+02
    0.20959E-03    0.17078E+02
    0.21383E-03    0.17409E+02
    0.21815E-03    0.17745E+02
    0.22255E-03    0.18089E+02
    0.22705E-03    0.18439E+02
    0.23164E-03    0.18796E+02
    0.23632E-03    0.19159E+02
    0.24109E-03    0.19530E+02
    0.24596E-03    0.19908E+02
    0.25093E-03    0.20293E+02
    0.25600E-03    0.20685E+02
    0.26117E-03    0.21085E+02
    0.26645E-03    0.21493E+02
    0.27183E-03    0.21908E+02
    0.27732E-03    0.22332E+02
    0.28292E-03    0.22764E+02
    0.28864E-03    0.23204E+02
    0.29447E-03    0.23652E+02
    0.30042E-03    0.24109E+02
    0.30649E-03    0.24575E+02
    0.31268E-03    0.25050E+02
    0.31899E-03    0.25533E+02
    0.32544E-03    0.26026E+02
    0.33201E-03    0.26529E+02
    0.33872E-03    0.27041E+02
    0.34556E-03    0.27563E+02
    0.35254E-03    0.28095E+02
    0.35966E-03    0.28637E+02
    0.36693E-03    0.29190E+02
    0.37434E-03    0.29753E+02
    0.38190E-03    0.30326E+02
    0.38962E-03    0.30911E+02
    0.39749E-03    0.31507E+02
    0.40552E-03    0.32114E+02
    0.41371E-03    0.32733E+02
    0.42207E-03    0.33364E+02
    0.43060E-03    0.34006E+02
    0.43929E-03    0.34661E+02
    0.44817E-03    0.35328E+02
    0.45722E-03    0.36008E+02
    0.46646E-03    0.36700E+02
    0.47588E-03    0.37406E+02
    0.48550E-03    0.38125E+02
    0.49530E-03    0.38858E+02
    0.50531E-03    0.39604E+02
    0.51552E-03    0.40365E+02
    0.52593E-03    0.41140E+02
    0.53656E-03    0.41929E+02
    0.54739E-03    0.42734E+02
    0.55845E-03    0.43553E+02
    0.56973E-03    0.44388E+02
    0.58124E-03    0.45238E+02
    0.59299E-03    0.46104E+02
    0.60496E-03    0.46986E+02
    0.61719E-03    0.47885E+02
    0.62965E-03    0.48801E+02
    0.64237E-03    0.49733E+02
    0.65535E-03    0.50683E+02
    0.66859E-03    0.51650E+02
    0.68210E-03    0.52635E+02
    0.69588E-03    0.53638E+02
    0.70993E-03    0.54660E+02
    0.72427E-03    0.55701E+02
    0.73891E-03    0.56760E+02
    0.75383E-03    0.57839E+02
    0.76906E-03    0.58938E+02
    0.78460E-03    0.60056E+02
    0.80045E-03    0.61195E+02
    0.81662E-03    0.62355E+02
    0.83311E-03    0.63535E+02
    0.84994E-03    0.64736E+02
    0.86711E-03    0.65960E+02
    0.88463E-03    0.67205E+02
    0.90250E-03    0.68472E+02
    0.92073E-03    0.69762E+02
    0.93933E-03    0.71074E+02
    0.95831E-03    0.72410E+02
    0.97767E-03    0.73769E+02
    0.99742E-03    0.75152E+02
    0.10176E-02    0.76560E+02
    0.10381E-02    0.77992E+02
    0.10591E-02    0.79448E+02
    0.10805E-02    0.80930E+02
    0.11023E-02    0.82437E+02
    0.11246E-02    0.83970E+02
    0.11473E-02    0.85529E+02
    0.11705E-02    0.87114E+02
    0.11941E-02    0.88727E+02
    0.12182E-02    0.90366E+02
    0.12429E-02    0.92033E+02
    0.12680E-02    0.93727E+02
    0.12936E-02    0.95449E+02
    0.13197E-02    0.97200E+02
    0.13464E-02    0.98979E+02
    0.13736E-02    0.10079E+03
    0.14013E-02    0.10262E+03
    0.14296E-02    0.10449E+03
    0.14585E-02    0.10639E+03
    0.14880E-02    0.10831E+03
    0.15180E-02    0.11027E+03
    0.15487E-02    0.11226E+03
    0.15800E-02    0.11427E+03
    0.16119E-02    0.11632E+03
    0.16445E-02    0.11840E+03
    0.16777E-02    0.12051E+03
    0.17116E-02    0.12266E+03
    0.17462E-02    0.12483E+03
    0.17814E-02    0.12704E+03
    0.18174E-02    0.12928E+03
    0.18541E-02    0.13155E+03
    0.18916E-02    0.13385E+03
    0.19298E-02    0.13619E+03
    0.19688E-02    0.13856E+03
    0.20086E-02    0.14096E+03
    0.20491E-02    0.14340E+03
    0.20905E-02    0.14587E+03
    0.21328E-02    0.14837E+03
    0.21758E-02    0.15090E+03
    0.22198E-02    0.15347E+03
    0.22646E-02    0.15608E+03
    0.23104E-02    0.15871E+03
    0.23571E-02    0.16138E+03
    0.24047E-02    0.16408E+03
    0.24533E-02    0.16682E+03
    0.25028E-02    0.16959E+03
    0.25534E-02    0.17239E+03
    0.26050E-02    0.17523E+03
    0.26576E-02    0.17810E+03
    0.27113E-02    0.18100E+03
    0.27660E-02    0.18394E+03
    0.28219E-02    0.18691E+03
    0.28789E-02    0.18991E+03
    0.29371E-02    0.19294E+03
    0.29964E-02    0.19601E+03
    0.30569E-02    0.19910E+03
    0.31187E-02    0.20223E+03
    0.31817E-02    0.20539E+03
    0.32460E-02    0.20858E+03
    0.33115E-02    0.21180E+03
    0.33784E-02    0.21505E+03
    0.34467E-02    0.21832E+03
    0.35163E-02    0.22163E+03
    0.35874E-02    0.22496E+03
    0.36598E-02    0.22833E+03
    0.37338E-02    0.23171E+03
    0.38092E-02    0.23513E+03
    0.38861E-02    0.23856E+03
    0.39646E-02    0.24203E+03
    0.40447E-02    0.24551E+03
    0.41264E-02    0.24902E+03
    0.42098E-02    0.25255E+03
    0.42948E-02    0.25610E+03
    0.43816E-02    0.25967E+03
    0.44701E-02    0.26326E+03
    0.45604E-02    0.26686E+03
    0.46525E-02    0.27048E+03
    0.47465E-02    0.27411E+03
    0.48424E-02    0.27776E+03
    0.49402E-02    0.28142E+03
    0.50400E-02    0.28509E+03
    0.51419E-02    0.28877E+03
    0.52457E-02    0.29246E+03
    0.53517E-02    0.29615E+03
    0.54598E-02    0.29985E+03
    0.55701E-02    0.30355E+03
    0.56826E-02    0.30724E+03
    0.57974E-02    0.31094E+03
    0.59145E-02    0.31462E+03
    0.60340E-02    0.31830E+03
    0.61559E-02    0.32198E+03
    0.62803E-02    0.32564E+03
    0.64072E-02    0.32929E+03
    0.65366E-02    0.33292E+03
    0.66686E-02    0.33654E+03
    0.68033E-02    0.34013E+03
    0.69408E-02    0.34370E+03
    0.70810E-02    0.34725E+03
    0.72240E-02    0.35076E+03
    0.73700E-02    0.35425E+03
    0.75189E-02    0.35769E+03
    0.76708E-02    0.36110E+03
    0.78257E-02    0.36447E+03
    0.79838E-02    0.36780E+03
    0.81451E-02    0.37108E+03
    0.83096E-02    0.37430E+03
    0.84775E-02    0.37747E+03
    0.86488E-02    0.38059E+03
    0.88235E-02    0.38364E+03
    0.90017E-02    0.38663E+03
    0.91836E-02    0.38955E+03
    0.93691E-02    0.39239E+03
    0.95583E-02    0.39516E+03
    0.97514E-02    0.39785E+03
    0.99484E-02    0.40045E+03
    0.10149E-01    0.40296E+03
    0.10354E-01    0.40539E+03
    0.10564E-01    0.40771E+03
    0.10777E-01    0.40993E+03
    0.10995E-01    0.41203E+03
    0.11217E-01    0.41403E+03
    0.11443E-01    0.41591E+03
    0.11675E-01    0.41767E+03
    0.11910E-01    0.41931E+03
    0.12151E-01    0.42082E+03
    0.12397E-01    0.42220E+03
    0.12647E-01    0.42345E+03
    0.12902E-01    0.42455E+03
    0.13163E-01    0.42548E+03
    0.13429E-01    0.42625E+03
    0.13700E-01    0.42684E+03
    0.13977E-01    0.42727E+03
    0.14259E-01    0.42755E+03
    0.14547E-01    0.42771E+03
    0.14841E-01    0.42775E+03
    0.15141E-01    0.42770E+03
    0.15447E-01    0.42751E+03
    0.15759E-01    0.42715E+03
    0.16077E-01    0.42659E+03
    0.16402E-01    0.42579E+03
    0.16734E-01    0.42472E+03
    0.17072E-01    0.42341E+03
    0.17416E-01    0.42187E+03
    0.17768E-01    0.42012E+03
    0.18127E-01    0.41819E+03
    0.18493E-01    0.41609E+03
    0.18867E-01    0.41379E+03
    0.19248E-01    0.41128E+03
    0.19637E-01    0.40853E+03
    0.20034E-01    0.40553E+03
    0.20438E-01    0.40225E+03
    0.20851E-01    0.39874E+03
    0.21272E-01    0.39502E+03
    0.21702E-01    0.39111E+03
    0.22141E-01    0.38704E+03
    0.22588E-01    0.38284E+03
    0.23044E-01    0.37849E+03
    0.23510E-01    0.37401E+03
    0.23985E-01    0.36939E+03
    0.24469E-01    0.36465E+03
    0.24964E-01    0.35977E+03
    0.25468E-01    0.35476E+03
    0.25982E-01    0.34962E+03
    0.26507E-01    0.34435E+03
    0.27043E-01    0.33895E+03
    0.27589E-01    0.33342E+03
    0.28146E-01    0.32778E+03
    0.28715E-01    0.32206E+03
    0.29295E-01    0.31626E+03
    0.29887E-01    0.31040E+03
    0.30490E-01    0.30450E+03
    0.31106E-01    0.29859E+03
    0.31735E-01    0.29268E+03
    0.32376E-01    0.28680E+03
    0.33030E-01    0.28096E+03
    0.33697E-01    0.27520E+03
    0.34378E-01    0.26950E+03
    0.35072E-01    0.26390E+03
    0.35781E-01    0.25840E+03
    0.36504E-01    0.25301E+03
    0.37241E-01    0.24774E+03
    0.37993E-01    0.24260E+03
    0.38761E-01    0.23760E+03
    0.39544E-01    0.23274E+03
    0.40343E-01    0.22804E+03
    0.41158E-01    0.22349E+03
    0.41989E-01    0.21913E+03
    0.42838E-01    0.21495E+03
    0.43703E-01    0.21099E+03
    0.44586E-01    0.20724E+03
    0.45486E-01    0.20370E+03
    0.46405E-01    0.20034E+03
    0.47343E-01    0.19715E+03
    0.48299E-01    0.19411E+03
    0.49275E-01    0.19121E+03
    0.50270E-01    0.18843E+03
    0.51286E-01    0.18576E+03
    0.52322E-01    0.18318E+03
    0.53379E-01    0.18068E+03
    0.54457E-01    0.17824E+03
    0.55557E-01    0.17583E+03
    0.56680E-01    0.17345E+03
    0.57825E-01    0.17106E+03
    0.58993E-01    0.16864E+03
    0.60184E-01    0.16616E+03
    0.61400E-01    0.16358E+03
    0.62641E-01    0.16088E+03
    0.63906E-01    0.15800E+03
    0.65197E-01    0.15493E+03
    0.66514E-01    0.15169E+03
    0.67858E-01    0.14833E+03
    0.69229E-01    0.14486E+03
    0.70627E-01    0.14122E+03
    0.72054E-01    0.13736E+03
    0.73510E-01    0.13326E+03
    0.74994E-01    0.12899E+03
    0.76509E-01    0.12463E+03
    0.78055E-01    0.12024E+03
    0.79632E-01    0.11585E+03
    0.81241E-01    0.11149E+03
    0.82882E-01    0.10719E+03
    0.84556E-01    0.10300E+03
    0.86264E-01    0.98958E+02
    0.88007E-01    0.95111E+02
    0.89785E-01    0.91490E+02
    0.91598E-01    0.88127E+02
    0.93449E-01    0.85051E+02
    0.95337E-01    0.82282E+02
    0.97263E-01    0.79822E+02
    0.99227E-01    0.77662E+02
    0.10123E+00    0.75785E+02
    0.10328E+00    0.74150E+02
    0.10536E+00    0.72717E+02
    0.10749E+00    0.71432E+02
    0.10966E+00    0.70236E+02
    0.11188E+00    0.69071E+02
    0.11414E+00    0.67878E+02
    0.11644E+00    0.66606E+02
    0.11880E+00    0.65208E+02
    0.12120E+00    0.63651E+02
    0.12365E+00    0.61914E+02
    0.12614E+00    0.59992E+02
    0.12869E+00    0.57899E+02
    0.13129E+00    0.55659E+02
    0.13394E+00    0.53318E+02
    0.13665E+00    0.50927E+02
    0.13941E+00    0.48549E+02
    0.14223E+00    0.46249E+02
    0.14510E+00    0.44094E+02
    0.14803E+00    0.42137E+02
    0.15102E+00    0.40416E+02
    0.15407E+00    0.38942E+02
    0.15718E+00    0.37702E+02
    0.16036E+00    0.36662E+02
    0.16360E+00    0.35779E+02
    0.16690E+00    0.35001E+02
    0.17028E+00    0.34271E+02
    0.17371E+00    0.33529E+02
    0.17722E+00    0.32715E+02
    0.18080E+00    0.31783E+02
    0.18446E+00    0.30714E+02
    0.18818E+00    0.29520E+02
    0.19198E+00    0.28242E+02
    0.19586E+00    0.26931E+02
    0.19982E+00    0.25641E+02
    0.20386E+00    0.24422E+02
    0.20797E+00    0.23320E+02
    0.21218E+00    0.22362E+02
    0.21646E+00    0.21553E+02
    0.22083E+00    0.20874E+02
    0.22530E+00    0.20287E+02
    0.22985E+00    0.19742E+02
    0.23449E+00    0.19192E+02
    0.23923E+00    0.18596E+02
    0.24406E+00    0.17933E+02
    0.24899E+00    0.17210E+02
    0.25402E+00    0.16451E+02
    0.25915E+00    0.15693E+02
    0.26439E+00    0.14973E+02
    0.26973E+00    0.14321E+02
    0.27518E+00    0.13751E+02
    0.28074E+00    0.13257E+02
    0.28641E+00    0.12816E+02
    0.29219E+00    0.12397E+02
    0.29810E+00    0.11973E+02
    0.30412E+00    0.11526E+02
    0.31026E+00    0.11054E+02
    0.31653E+00    0.10573E+02
    0.32292E+00    0.10104E+02
    0.32945E+00    0.96672E+01
    0.33610E+00    0.92723E+01
    0.34289E+00    0.89164E+01
    0.34982E+00    0.85868E+01
    0.35689E+00    0.82674E+01
    0.36409E+00    0.79456E+01
    0.37145E+00    0.76178E+01
    0.37895E+00    0.72914E+01
    0.38661E+00    0.69772E+01
    0.39442E+00    0.66827E+01
    0.40239E+00    0.64106E+01
    0.41052E+00    0.61561E+01
    0.41881E+00    0.59109E+01
    0.42727E+00    0.56697E+01
    0.43590E+00    0.54310E+01
    0.44471E+00    0.51985E+01
    0.45369E+00    0.49772E+01
    0.46286E+00    0.47686E+01
    0.47221E+00    0.45712E+01
    0.48174E+00    0.43818E+01
    0.49148E+00    0.41974E+01
    0.50141E+00    0.40182E+01
    0.51153E+00    0.38457E+01
    0.52187E+00    0.36815E+01
    0.53241E+00    0.35252E+01
    0.54317E+00    0.33754E+01
    0.55414E+00    0.32310E+01
    0.56533E+00    0.30916E+01
    0.57675E+00    0.29579E+01
    0.58840E+00    0.28299E+01
    0.60029E+00    0.27075E+01
    0.61242E+00    0.25901E+01
    0.62479E+00    0.24777E+01
    0.63741E+00    0.23698E+01
    0.65029E+00    0.22663E+01
    0.66342E+00    0.21671E+01
    0.67683E+00    0.20720E+01
    0.69050E+00    0.19809E+01
    0.70445E+00    0.18936E+01
    0.71868E+00    0.18100E+01
    0.73320E+00    0.17300E+01
    0.74801E+00    0.16533E+01
    0.76312E+00    0.15799E+01
    0.77854E+00    0.15095E+01
    0.79426E+00    0.14422E+01
    0.81031E+00    0.13778E+01
    0.82668E+00    0.13161E+01
    0.84338E+00    0.12571E+01
    0.86041E+00    0.12006E+01
    0.87780E+00    0.11465E+01
    0.89553E+00    0.10948E+01
    0.91362E+00    0.10454E+01
    0.93208E+00    0.99805E+00
    0.95091E+00    0.95280E+00
    0.97011E+00    0.90952E+00
    0.98971E+00    0.86813E+00
    0.10097E+01    0.82856E+00
    0.10301E+01    0.79072E+00
    0.10509E+01    0.75455E+00
    0.10721E+01    0.71998E+00
    0.10938E+01    0.68695E+00
    0.11159E+01    0.65537E+00
    0.11384E+01    0.62521E+00
    0.11614E+01    0.59638E+00
    0.11849E+01    0.56884E+00
    0.12088E+01    0.54254E+00
    0.12333E+01    0.51740E+00
    0.12582E+01    0.49340E+00
    0.12836E+01    0.47047E+00
    0.13095E+01    0.44858E+00
    0.13360E+01    0.42768E+00
    0.13630E+01    0.40772E+00
    0.13905E+01    0.38866E+00
    0.14186E+01    0.37047E+00
    0.14472E+01    0.35310E+00
    0.14765E+01    0.33653E+00
    0.15063E+01    0.32071E+00
    0.15367E+01    0.30562E+00
    0.15678E+01    0.29122E+00
    0.15994E+01    0.27747E+00
    0.16318E+01    0.26436E+00
    0.16647E+01    0.25185E+00
    0.16984E+01    0.23992E+00
    0.17327E+01    0.22854E+00
    0.17677E+01    0.21768E+00
    0.18034E+01    0.20733E+00
    0.18398E+01    0.19745E+00
    0.18770E+01    0.18804E+00
    0.19149E+01    0.17906E+00
    0.19536E+01    0.17051E+00
    0.19930E+01    0.16235E+00
    0.20333E+01    0.15457E+00
    0.20744E+01    0.14716E+00
    0.21163E+01    0.14009E+00
    0.21590E+01    0.13335E+00
    0.22026E+01    0.12693E+00
    0.22471E+01    0.12082E+00
    0.22925E+01    0.11499E+00
    0.23388E+01    0.10944E+00
    0.23861E+01    0.10414E+00
    0.24343E+01    0.99104E-01
    0.24835E+01    0.94302E-01
    0.25336E+01    0.89728E-01
    0.25848E+01    0.85371E-01
    0.26370E+01    0.81222E-01
    0.26903E+01    0.77269E-01
    0.27447E+01    0.73506E-01
    0.28001E+01    0.69922E-01
    0.28567E+01    0.66509E-01
    0.29144E+01    0.63259E-01
    0.29733E+01    0.60166E-01
    0.30333E+01    0.57220E-01
    0.30946E+01    0.54417E-01
    0.31571E+01    0.51748E-01
    0.32209E+01    0.49207E-01
    0.32860E+01    0.46789E-01
    0.33523E+01    0.44487E-01
    0.34201E+01    0.42297E-01
    0.34892E+01    0.40213E-01
    0.35596E+01    0.38229E-01
    0.36316E+01    0.36342E-01
    0.37049E+01    0.34546E-01
    0.37798E+01    0.32838E-01
    0.38561E+01    0.31212E-01
    0.39340E+01    0.29666E-01
    0.40135E+01    0.28195E-01
    0.40946E+01    0.26796E-01
    0.41773E+01    0.25465E-01
    0.42617E+01    0.24199E-01
    0.43478E+01    0.22995E-01
    0.44356E+01    0.21850E-01
    0.45252E+01    0.20761E-01
    0.46166E+01    0.19725E-01
    0.47099E+01    0.18741E-01
    0.48050E+01    0.17804E-01
    0.49021E+01    0.16914E-01
    0.50011E+01    0.16068E-01
    0.51021E+01    0.15263E-01
    0.52052E+01    0.14498E-01
    0.53104E+01    0.13771E-01
    0.54176E+01    0.13080E-01
    0.55271E+01    0.12423E-01
    0.56387E+01    0.11799E-01
    0.57526E+01    0.11205E-01
    0.58689E+01    0.10641E-01
    0.59874E+01    0.10105E-01
    0.61084E+01    0.95955E-02
    0.62318E+01    0.91114E-02
    0.63577E+01    0.86514E-02
    0.64861E+01    0.82143E-02
    0.66171E+01    0.77990E-02
    0.67508E+01    0.74044E-02
    0.68872E+01    0.70296E-02
    0.70263E+01    0.66734E-02
    0.71682E+01    0.63351E-02
    0.73130E+01    0.60137E-02
    0.74608E+01    0.57084E-02
    0.76115E+01    0.54184E-02
    0.77653E+01    0.51430E-02
    0.79221E+01    0.48814E-02
    0.80822E+01    0.46330E-02
    0.82454E+01    0.43970E-02
    0.84120E+01    0.41729E-02
    0.85819E+01    0.39601E-02
    0.87553E+01    0.37580E-02
    0.89322E+01    0.35662E-02
    0.91126E+01    0.33840E-02
    0.92967E+01    0.32110E-02
    0.94845E+01    0.30467E-02
    0.96761E+01    0.28908E-02
    0.98716E+01    0.27427E-02
    0.10071E+02    0.26022E-02
    0.10274E+02    0.24687E-02
    0.10482E+02    0.23421E-02
    0.10694E+02    0.22218E-02
    0.10910E+02    0.21077E-02
    0.11130E+02    0.19994E-02
    0.11355E+02    0.18966E-02
    0.11584E+02    0.17990E-02
    0.11818E+02    0.17064E-02
    0.12057E+02    0.16185E-02
    0.12301E+02    0.15350E-02
    0.12549E+02    0.14559E-02
    0.12803E+02    0.13808E-02
    0.13061E+02    0.13095E-02
    0.13325E+02    0.12418E-02
    0.13594E+02    0.11777E-02
    0.13869E+02    0.11168E-02
    0.14149E+02    0.10590E-02
    0.14435E+02    0.10042E-02
    0.14727E+02    0.95217E-03
    0.15024E+02    0.90283E-03
    0.15328E+02    0.85602E-03
    0.15637E+02    0.81162E-03
    0.15953E+02    0.76950E-03
    0.16275E+02    0.72954E-03
    0.16604E+02    0.69164E-03
    0.16940E+02    0.65570E-03
    0.17282E+02    0.62160E-03
    0.17631E+02    0.58926E-03
    0.17987E+02    0.55859E-03
    0.18351E+02    0.52950E-03
    0.18721E+02    0.50191E-03
    0.19099E+02    0.47574E-03
    0.19485E+02    0.45093E-03
    0.19879E+02    0.42740E-03
    0.20280E+02    0.40509E-03
    0.20690E+02    0.38394E-03
    0.21108E+02    0.36387E-03
    0.21535E+02    0.34485E-03
    0.21970E+02    0.32682E-03
    0.22413E+02    0.30971E-03
    0.22866E+02    0.29350E-03
    0.23328E+02    0.27813E-03
    0.23799E+02    0.26355E-03
    0.24280E+02    0.24974E-03
    0.24771E+02    0.23664E-03
    0.25271E+02    0.22422E-03
    0.25782E+02    0.21245E-03
    0.26302E+02    0.20130E-03
    0.26834E+02    0.19072E-03
    0.27376E+02    0.18070E-03
    0.27929E+02    0.17119E-03
    0.28493E+02    0.16219E-03
    0.29069E+02    0.15365E-03
    0.29656E+02    0.14556E-03
    0.30255E+02    0.13789E-03
    0.30866E+02    0.13062E-03
    0.31490E+02    0.12374E-03
    0.32126E+02    0.11721E-03
    0.32775E+02    0.11102E-03
    0.33437E+02    0.10516E-03
    0.34112E+02    0.99608E-04
    0.34801E+02    0.94344E-04
    0.35504E+02    0.89357E-04
    0.36222E+02    0.84631E-04
    0.36953E+02    0.80153E-04
    0.37700E+02    0.75910E-04
    0.38462E+02    0.71890E-04
    0.39239E+02    0.68082E-04
    0.40031E+02    0.64473E-04
    0.40840E+02    0.61054E-04
    0.41665E+02    0.57816E-04
    0.42507E+02    0.54747E-04
    0.43365E+02    0.51840E-04
    0.44241E+02    0.49087E-04
    0.45135E+02    0.46478E-04
    0.46047E+02    0.44007E-04
    0.46977E+02    0.41666E-04
    0.47926E+02    0.39449E-04
    0.48894E+02    0.37349E-04
    0.49882E+02    0.35360E-04
    0.50890E+02    0.33476E-04
    0.51918E+02    0.31691E-04
    0.52966E+02    0.30001E-04
    0.54036E+02    0.28400E-04
    0.55128E+02    0.26884E-04
    0.56242E+02    0.25448E-04
    0.57378E+02    0.24089E-04
    0.58537E+02    0.22801E-04
    0.59720E+02    0.21582E-04
    0.60926E+02    0.20427E-04
    0.62157E+02    0.19333E-04
    0.63412E+02    0.18298E-04
    0.64693E+02    0.17317E-04
    0.66000E+02    0.16389E-04
    0.67334E+02    0.15510E-04
    0.68694E+02    0.14677E-04
    0.70082E+02    0.13889E-04
    0.71497E+02    0.13143E-04
    0.72942E+02    0.12437E-04
    0.74415E+02    0.11768E-04
    0.75918E+02    0.11134E-04
    0.77452E+02    0.10535E-04
    0.79017E+02    0.99675E-05
    0.80613E+02    0.94302E-05
    0.82241E+02    0.89216E-05
    0.83903E+02    0.84402E-05
    0.85598E+02    0.79844E-05
    0.87327E+02    0.75531E-05
    0.89091E+02    0.71447E-05
    0.90891E+02    0.67582E-05
    0.92727E+02    0.63924E-05
    0.94600E+02    0.60461E-05
    0.96511E+02    0.57184E-05
    0.98461E+02    0.54083E-05
    0.10045E+03    0.51147E-05
    0.10248E+03    0.48369E-05
    0.10455E+03    0.45740E-05
    0.10666E+03    0.43252E-05
    0.10882E+03    0.40898E-05
    0.11101E+03    0.38670E-05
    0.11326E+03    0.36562E-05
    0.11554E+03    0.34567E-05
    0.11788E+03    0.32679E-05
    0.12026E+03    0.30893E-05
    0.12269E+03    0.29204E-05
    0.12517E+03    0.27605E-05
    0.12770E+03    0.26092E-05
    0.13028E+03    0.24661E-05
    0.13291E+03    0.23307E-05
    0.13559E+03    0.22027E-05
    0.13833E+03    0.20815E-05
    0.14113E+03    0.19669E-05
    0.14398E+03    0.18585E-05
    0.14689E+03    0.17559E-05
    0.14985E+03    0.16590E-05
    0.15288E+03    0.15672E-05
    0.15597E+03    0.14805E-05
    0.15912E+03    0.13984E-05
    0.16233E+03    0.13208E-05
    0.16561E+03    0.12474E-05
    0.16896E+03    0.11780E-05
    0.17237E+03    0.11124E-05
    0.17585E+03    0.10504E-05
    0.17941E+03    0.99171E-06
    0.18303E+03    0.93624E-06
    0.18673E+03    0.88381E-06
    0.19050E+03    0.83424E-06
    0.19435E+03    0.78738E-06
    0.19828E+03    0.74308E-06
    0.20228E+03    0.70121E-06
    0.20637E+03    0.66164E-06
    0.21054E+03    0.62424E-06
    0.21479E+03    0.58889E-06
    0.21913E+03    0.55549E-06
    0.22356E+03    0.52393E-06
    0.22807E+03    0.49411E-06
    0.23268E+03    0.46593E-06
    0.23738E+03    0.43931E-06
    0.24217E+03    0.41417E-06
    0.24707E+03    0.39042E-06
    0.25206E+03    0.36798E-06
    0.25715E+03    0.34680E-06
    0.26234E+03    0.32679E-06
    0.26764E+03    0.30790E-06
    0.27305E+03    0.29006E-06
    0.27857E+03    0.27322E-06
    0.28419E+03    0.25733E-06
    0.28994E+03    0.24232E-06
    0.29579E+03    0.22816E-06
    0.30177E+03    0.21480E-06
    0.30786E+03    0.20219E-06
    0.31408E+03    0.19030E-06
    0.32043E+03    0.17908E-06
    0.32690E+03    0.16850E-06
    0.33351E+03    0.15852E-06
    0.34024E+03    0.14911E-06
    0.34712E+03    0.14024E-06
    0.35413E+03    0.13187E-06
    0.36128E+03    0.12399E-06
    0.36858E+03    0.11655E-06
    0.37603E+03    0.10955E-06
    0.38362E+03    0.10296E-06
