    0.10000E-03    0.27920E+01
    0.10202E-03    0.28461E+01
    0.10408E-03    0.29013E+01
    0.10618E-03    0.29575E+01
    0.10833E-03    0.30148E+01
    0.11052E-03    0.30732E+01
    0.11275E-03    0.31328E+01
    0.11503E-03    0.31935E+01
    0.11735E-03    0.32553E+01
    0.11972E-03    0.33184E+01
    0.12214E-03    0.33827E+01
    0.12461E-03    0.34483E+01
    0.12712E-03    0.35151E+01
    0.12969E-03    0.35832E+01
    0.13231E-03    0.36526E+01
    0.13499E-03    0.37234E+01
    0.13771E-03    0.37955E+01
    0.14049E-03    0.38691E+01
    0.14333E-03    0.39440E+01
    0.14623E-03    0.40204E+01
    0.14918E-03    0.40983E+01
    0.15220E-03    0.41777E+01
    0.15527E-03    0.42586E+01
    0.15841E-03    0.43411E+01
    0.16161E-03    0.44252E+01
    0.16487E-03    0.45109E+01
    0.16820E-03    0.45983E+01
    0.17160E-03    0.46874E+01
    0.17507E-03    0.47782E+01
    0.17860E-03    0.48707E+01
    0.18221E-03    0.49650E+01
    0.18589E-03    0.50612E+01
    0.18965E-03    0.51592E+01
    0.19348E-03    0.52591E+01
    0.19739E-03    0.53609E+01
    0.20138E-03    0.54647E+01
    0.20544E-03    0.55705E+01
    0.20959E-03    0.56784E+01
    0.21383E-03    0.57883E+01
    0.21815E-03    0.59003E+01
    0.22255E-03    0.60145E+01
    0.22705E-03    0.61310E+01
    0.23164E-03    0.62496E+01
    0.23632E-03    0.63706E+01
    0.24109E-03    0.64939E+01
    0.24596E-03    0.66195E+01
    0.25093E-03    0.67476E+01
    0.25600E-03    0.68781E+01
    0.26117E-03    0.70112E+01
    0.26645E-03    0.71468E+01
    0.27183E-03    0.72851E+01
    0.27732E-03    0.74260E+01
    0.28292E-03    0.75696E+01
    0.28864E-03    0.77160E+01
    0.29447E-03    0.78652E+01
    0.30042E-03    0.80172E+01
    0.30649E-03    0.81722E+01
    0.31268E-03    0.83302E+01
    0.31899E-03    0.84912E+01
    0.32544E-03    0.86552E+01
    0.33201E-03    0.88225E+01
    0.33872E-03    0.89929E+01
    0.34556E-03    0.91666E+01
    0.35254E-03    0.93437E+01
    0.35966E-03    0.95241E+01
    0.36693E-03    0.97080E+01
    0.37434E-03    0.98954E+01
    0.38190E-03    0.10086E+02
    0.38962E-03    0.10281E+02
    0.39749E-03    0.10479E+02
    0.40552E-03    0.10682E+02
    0.41371E-03    0.10888E+02
    0.42207E-03    0.11098E+02
    0.43060E-03    0.11311E+02
    0.43929E-03    0.11530E+02
    0.44817E-03    0.11752E+02
    0.45722E-03    0.11978E+02
    0.46646E-03    0.12209E+02
    0.47588E-03    0.12444E+02
    0.48550E-03    0.12683E+02
    0.49530E-03    0.12928E+02
    0.50531E-03    0.13176E+02
    0.51552E-03    0.13430E+02
    0.52593E-03    0.13688E+02
    0.53656E-03    0.13951E+02
    0.54739E-03    0.14219E+02
    0.55845E-03    0.14492E+02
    0.56973E-03    0.14770E+02
    0.58124E-03    0.15054E+02
    0.59299E-03    0.15343E+02
    0.60496E-03    0.15637E+02
    0.61719E-03    0.15937E+02
    0.62965E-03    0.16242E+02
    0.64237E-03    0.16553E+02
    0.65535E-03    0.16870E+02
    0.66859E-03    0.17193E+02
    0.68210E-03    0.17522E+02
    0.69588E-03    0.17856E+02
    0.70993E-03    0.18197E+02
    0.72427E-03    0.18545E+02
    0.73891E-03    0.18899E+02
    0.75383E-03    0.19259E+02
    0.76906E-03    0.19626E+02
    0.78460E-03    0.20000E+02
    0.80045E-03    0.20380E+02
    0.81662E-03    0.20768E+02
    0.83311E-03    0.21162E+02
    0.84994E-03    0.21564E+02
    0.86711E-03    0.21973E+02
    0.88463E-03    0.22389E+02
    0.90250E-03    0.22813E+02
    0.92073E-03    0.23245E+02
    0.93933E-03    0.23684E+02
    0.95831E-03    0.24131E+02
    0.97767E-03    0.24586E+02
    0.99742E-03    0.25049E+02
    0.10176E-02    0.25521E+02
    0.10381E-02    0.26001E+02
    0.10591E-02    0.26489E+02
    0.10805E-02    0.26985E+02
    0.11023E-02    0.27491E+02
    0.11246E-02    0.28005E+02
    0.11473E-02    0.28528E+02
    0.11705E-02    0.29060E+02
    0.11941E-02    0.29601E+02
    0.12182E-02    0.30151E+02
    0.12429E-02    0.30711E+02
    0.12680E-02    0.31280E+02
    0.12936E-02    0.31859E+02
    0.13197E-02    0.32447E+02
    0.13464E-02    0.33046E+02
    0.13736E-02    0.33654E+02
    0.14013E-02    0.34272E+02
    0.14296E-02    0.34900E+02
    0.14585E-02    0.35538E+02
    0.14880E-02    0.36186E+02
    0.15180E-02    0.36845E+02
    0.15487E-02    0.37515E+02
    0.15800E-02    0.38195E+02
    0.16119E-02    0.38885E+02
    0.16445E-02    0.39586E+02
    0.16777E-02    0.40298E+02
    0.17116E-02    0.41021E+02
    0.17462E-02    0.41755E+02
    0.17814E-02    0.42499E+02
    0.18174E-02    0.43255E+02
    0.18541E-02    0.44022E+02
    0.18916E-02    0.44800E+02
    0.19298E-02    0.45589E+02
    0.19688E-02    0.46390E+02
    0.20086E-02    0.47201E+02
    0.20491E-02    0.48024E+02
    0.20905E-02    0.48858E+02
    0.21328E-02    0.49704E+02
    0.21758E-02    0.50561E+02
    0.22198E-02    0.51430E+02
    0.22646E-02    0.52309E+02
    0.23104E-02    0.53200E+02
    0.23571E-02    0.54103E+02
    0.24047E-02    0.55017E+02
    0.24533E-02    0.55942E+02
    0.25028E-02    0.56878E+02
    0.25534E-02    0.57826E+02
    0.26050E-02    0.58785E+02
    0.26576E-02    0.59754E+02
    0.27113E-02    0.60736E+02
    0.27660E-02    0.61728E+02
    0.28219E-02    0.62731E+02
    0.28789E-02    0.63745E+02
    0.29371E-02    0.64769E+02
    0.29964E-02    0.65805E+02
    0.30569E-02    0.66850E+02
    0.31187E-02    0.67907E+02
    0.31817E-02    0.68974E+02
    0.32460E-02    0.70051E+02
    0.33115E-02    0.71137E+02
    0.33784E-02    0.72234E+02
    0.34467E-02    0.73341E+02
    0.35163E-02    0.74457E+02
    0.35874E-02    0.75583E+02
    0.36598E-02    0.76717E+02
    0.37338E-02    0.77861E+02
    0.38092E-02    0.79013E+02
    0.38861E-02    0.80174E+02
    0.39646E-02    0.81342E+02
    0.40447E-02    0.82519E+02
    0.41264E-02    0.83703E+02
    0.42098E-02    0.84895E+02
    0.42948E-02    0.86094E+02
    0.43816E-02    0.87299E+02
    0.44701E-02    0.88510E+02
    0.45604E-02    0.89727E+02
    0.46525E-02    0.90949E+02
    0.47465E-02    0.92176E+02
    0.48424E-02    0.93407E+02
    0.49402E-02    0.94643E+02
    0.50400E-02    0.95884E+02
    0.51419E-02    0.97127E+02
    0.52457E-02    0.98374E+02
    0.53517E-02    0.99622E+02
    0.54598E-02    0.10087E+03
    0.55701E-02    0.10212E+03
    0.56826E-02    0.10337E+03
    0.57974E-02    0.10462E+03
    0.59145E-02    0.10586E+03
    0.60340E-02    0.10711E+03
    0.61559E-02    0.10835E+03
    0.62803E-02    0.10958E+03
    0.64072E-02    0.11082E+03
    0.65366E-02    0.11204E+03
    0.66686E-02    0.11327E+03
    0.68033E-02    0.11448E+03
    0.69408E-02    0.11569E+03
    0.70810E-02    0.11689E+03
    0.72240E-02    0.11807E+03
    0.73700E-02    0.11925E+03
    0.75189E-02    0.12042E+03
    0.76708E-02    0.12157E+03
    0.78257E-02    0.12271E+03
    0.79838E-02    0.12383E+03
    0.81451E-02    0.12494E+03
    0.83096E-02    0.12603E+03
    0.84775E-02    0.12710E+03
    0.86488E-02    0.12816E+03
    0.88235E-02    0.12919E+03
    0.90017E-02    0.13020E+03
    0.91836E-02    0.13119E+03
    0.93691E-02    0.13215E+03
    0.95583E-02    0.13309E+03
    0.97514E-02    0.13400E+03
    0.99484E-02    0.13488E+03
    0.10149E-01    0.13573E+03
    0.10354E-01    0.13655E+03
    0.10564E-01    0.13733E+03
    0.10777E-01    0.13808E+03
    0.10995E-01    0.13880E+03
    0.11217E-01    0.13948E+03
    0.11443E-01    0.14011E+03
    0.11675E-01    0.14071E+03
    0.11910E-01    0.14127E+03
    0.12151E-01    0.14178E+03
    0.12397E-01    0.14225E+03
    0.12647E-01    0.14268E+03
    0.12902E-01    0.14305E+03
    0.13163E-01    0.14337E+03
    0.13429E-01    0.14363E+03
    0.13700E-01    0.14383E+03
    0.13977E-01    0.14398E+03
    0.14259E-01    0.14408E+03
    0.14547E-01    0.14413E+03
    0.14841E-01    0.14415E+03
    0.15141E-01    0.14414E+03
    0.15447E-01    0.14408E+03
    0.15759E-01    0.14396E+03
    0.16077E-01    0.14378E+03
    0.16402E-01    0.14351E+03
    0.16734E-01    0.14315E+03
    0.17072E-01    0.14271E+03
    0.17416E-01    0.14220E+03
    0.17768E-01    0.14161E+03
    0.18127E-01    0.14096E+03
    0.18493E-01    0.14026E+03
    0.18867E-01    0.13949E+03
    0.19248E-01    0.13864E+03
    0.19637E-01    0.13772E+03
    0.20034E-01    0.13671E+03
    0.20438E-01    0.13561E+03
    0.20851E-01    0.13443E+03
    0.21272E-01    0.13317E+03
    0.21702E-01    0.13186E+03
    0.22141E-01    0.13049E+03
    0.22588E-01    0.12907E+03
    0.23044E-01    0.12761E+03
    0.23510E-01    0.12610E+03
    0.23985E-01    0.12455E+03
    0.24469E-01    0.12295E+03
    0.24964E-01    0.12131E+03
    0.25468E-01    0.11962E+03
    0.25982E-01    0.11789E+03
    0.26507E-01    0.11611E+03
    0.27043E-01    0.11429E+03
    0.27589E-01    0.11243E+03
    0.28146E-01    0.11053E+03
    0.28715E-01    0.10860E+03
    0.29295E-01    0.10665E+03
    0.29887E-01    0.10467E+03
    0.30490E-01    0.10268E+03
    0.31106E-01    0.10069E+03
    0.31735E-01    0.98700E+02
    0.32376E-01    0.96719E+02
    0.33030E-01    0.94753E+02
    0.33697E-01    0.92808E+02
    0.34378E-01    0.90889E+02
    0.35072E-01    0.89000E+02
    0.35781E-01    0.87146E+02
    0.36504E-01    0.85329E+02
    0.37241E-01    0.83553E+02
    0.37993E-01    0.81821E+02
    0.38761E-01    0.80135E+02
    0.39544E-01    0.78498E+02
    0.40343E-01    0.76911E+02
    0.41158E-01    0.75379E+02
    0.41989E-01    0.73907E+02
    0.42838E-01    0.72500E+02
    0.43703E-01    0.71163E+02
    0.44586E-01    0.69899E+02
    0.45486E-01    0.68705E+02
    0.46405E-01    0.67573E+02
    0.47343E-01    0.66498E+02
    0.48299E-01    0.65474E+02
    0.49275E-01    0.64497E+02
    0.50270E-01    0.63559E+02
    0.51286E-01    0.62658E+02
    0.52322E-01    0.61789E+02
    0.53379E-01    0.60945E+02
    0.54457E-01    0.60121E+02
    0.55557E-01    0.59311E+02
    0.56680E-01    0.58507E+02
    0.57825E-01    0.57702E+02
    0.58993E-01    0.56885E+02
    0.60184E-01    0.56048E+02
    0.61400E-01    0.55180E+02
    0.62641E-01    0.54267E+02
    0.63906E-01    0.53297E+02
    0.65197E-01    0.52262E+02
    0.66514E-01    0.51171E+02
    0.67858E-01    0.50037E+02
    0.69229E-01    0.48865E+02
    0.70627E-01    0.47638E+02
    0.72054E-01    0.46335E+02
    0.73510E-01    0.44952E+02
    0.74994E-01    0.43512E+02
    0.76509E-01    0.42043E+02
    0.78055E-01    0.40563E+02
    0.79632E-01    0.39082E+02
    0.81241E-01    0.37609E+02
    0.82882E-01    0.36159E+02
    0.84556E-01    0.34745E+02
    0.86264E-01    0.33383E+02
    0.88007E-01    0.32085E+02
    0.89785E-01    0.30864E+02
    0.91598E-01    0.29730E+02
    0.93449E-01    0.28692E+02
    0.95337E-01    0.27758E+02
    0.97263E-01    0.26928E+02
    0.99227E-01    0.26199E+02
    0.10123E+00    0.25566E+02
    0.10328E+00    0.25015E+02
    0.10536E+00    0.24531E+02
    0.10749E+00    0.24098E+02
    0.10966E+00    0.23695E+02
    0.11188E+00    0.23301E+02
    0.11414E+00    0.22899E+02
    0.11644E+00    0.22470E+02
    0.11880E+00    0.21998E+02
    0.12120E+00    0.21473E+02
    0.12365E+00    0.20887E+02
    0.12614E+00    0.20239E+02
    0.12869E+00    0.19533E+02
    0.13129E+00    0.18777E+02
    0.13394E+00    0.17988E+02
    0.13665E+00    0.17181E+02
    0.13941E+00    0.16379E+02
    0.14223E+00    0.15603E+02
    0.14510E+00    0.14876E+02
    0.14803E+00    0.14216E+02
    0.15102E+00    0.13635E+02
    0.15407E+00    0.13138E+02
    0.15718E+00    0.12719E+02
    0.16036E+00    0.12369E+02
    0.16360E+00    0.12071E+02
    0.16690E+00    0.11808E+02
    0.17028E+00    0.11562E+02
    0.17371E+00    0.11311E+02
    0.17722E+00    0.11037E+02
    0.18080E+00    0.10722E+02
    0.18446E+00    0.10362E+02
    0.18818E+00    0.99592E+01
    0.19198E+00    0.95281E+01
    0.19586E+00    0.90857E+01
    0.19982E+00    0.86504E+01
    0.20386E+00    0.82393E+01
    0.20797E+00    0.78673E+01
    0.21218E+00    0.75442E+01
    0.21646E+00    0.72715E+01
    0.22083E+00    0.70424E+01
    0.22530E+00    0.68441E+01
    0.22985E+00    0.66603E+01
    0.23449E+00    0.64748E+01
    0.23923E+00    0.62737E+01
    0.24406E+00    0.60502E+01
    0.24899E+00    0.58061E+01
    0.25402E+00    0.55500E+01
    0.25915E+00    0.52943E+01
    0.26439E+00    0.50514E+01
    0.26973E+00    0.48315E+01
    0.27518E+00    0.46393E+01
    0.28074E+00    0.44726E+01
    0.28641E+00    0.43237E+01
    0.29219E+00    0.41825E+01
    0.29810E+00    0.40394E+01
    0.30412E+00    0.38884E+01
    0.31026E+00    0.37293E+01
    0.31653E+00    0.35669E+01
    0.32292E+00    0.34087E+01
    0.32945E+00    0.32614E+01
    0.33610E+00    0.31282E+01
    0.34289E+00    0.30082E+01
    0.34982E+00    0.28969E+01
    0.35689E+00    0.27892E+01
    0.36409E+00    0.26806E+01
    0.37145E+00    0.25701E+01
    0.37895E+00    0.24599E+01
    0.38661E+00    0.23539E+01
    0.39442E+00    0.22546E+01
    0.40239E+00    0.21628E+01
    0.41052E+00    0.20769E+01
    0.41881E+00    0.19942E+01
    0.42727E+00    0.19128E+01
    0.43590E+00    0.18323E+01
    0.44471E+00    0.17538E+01
    0.45369E+00    0.16792E+01
    0.46286E+00    0.16088E+01
    0.47221E+00    0.15422E+01
    0.48174E+00    0.14783E+01
    0.49148E+00    0.14161E+01
    0.50141E+00    0.13556E+01
    0.51153E+00    0.12975E+01
    0.52187E+00    0.12420E+01
    0.53241E+00    0.11893E+01
    0.54317E+00    0.11388E+01
    0.55414E+00    0.10901E+01
    0.56533E+00    0.10430E+01
    0.57675E+00    0.99791E+00
    0.58840E+00    0.95475E+00
    0.60029E+00    0.91343E+00
    0.61242E+00    0.87384E+00
    0.62479E+00    0.83590E+00
    0.63741E+00    0.79951E+00
    0.65029E+00    0.76460E+00
    0.66342E+00    0.73113E+00
    0.67683E+00    0.69905E+00
    0.69050E+00    0.66831E+00
    0.70445E+00    0.63887E+00
    0.71868E+00    0.61067E+00
    0.73320E+00    0.58365E+00
    0.74801E+00    0.55778E+00
    0.76312E+00    0.53301E+00
    0.77854E+00    0.50928E+00
    0.79426E+00    0.48657E+00
    0.81031E+00    0.46483E+00
    0.82668E+00    0.44402E+00
    0.84338E+00    0.42410E+00
    0.86041E+00    0.40504E+00
    0.87780E+00    0.38681E+00
    0.89553E+00    0.36937E+00
    0.91362E+00    0.35268E+00
    0.93208E+00    0.33672E+00
    0.95091E+00    0.32145E+00
    0.97011E+00    0.30685E+00
    0.98971E+00    0.29289E+00
    0.10097E+01    0.27953E+00
    0.10301E+01    0.26677E+00
    0.10509E+01    0.25457E+00
    0.10721E+01    0.24291E+00
    0.10938E+01    0.23176E+00
    0.11159E+01    0.22111E+00
    0.11384E+01    0.21093E+00
    0.11614E+01    0.20121E+00
    0.11849E+01    0.19191E+00
    0.12088E+01    0.18304E+00
    0.12333E+01    0.17456E+00
    0.12582E+01    0.16646E+00
    0.12836E+01    0.15873E+00
    0.13095E+01    0.15134E+00
    0.13360E+01    0.14429E+00
    0.13630E+01    0.13755E+00
    0.13905E+01    0.13112E+00
    0.14186E+01    0.12499E+00
    0.14472E+01    0.11913E+00
    0.14765E+01    0.11354E+00
    0.15063E+01    0.10820E+00
    0.15367E+01    0.10311E+00
    0.15678E+01    0.98249E-01
    0.15994E+01    0.93613E-01
    0.16318E+01    0.89189E-01
    0.16647E+01    0.84969E-01
    0.16984E+01    0.80943E-01
    0.17327E+01    0.77103E-01
    0.17677E+01    0.73440E-01
    0.18034E+01    0.69947E-01
    0.18398E+01    0.66616E-01
    0.18770E+01    0.63440E-01
    0.19149E+01    0.60412E-01
    0.19536E+01    0.57525E-01
    0.19930E+01    0.54772E-01
    0.20333E+01    0.52148E-01
    0.20744E+01    0.49647E-01
    0.21163E+01    0.47262E-01
    0.21590E+01    0.44990E-01
    0.22026E+01    0.42824E-01
    0.22471E+01    0.40761E-01
    0.22925E+01    0.38794E-01
    0.23388E+01    0.36921E-01
    0.23861E+01    0.35136E-01
    0.24343E+01    0.33435E-01
    0.24835E+01    0.31815E-01
    0.25336E+01    0.30272E-01
    0.25848E+01    0.28802E-01
    0.26370E+01    0.27402E-01
    0.26903E+01    0.26069E-01
    0.27447E+01    0.24799E-01
    0.28001E+01    0.23590E-01
    0.28567E+01    0.22438E-01
    0.29144E+01    0.21342E-01
    0.29733E+01    0.20298E-01
    0.30333E+01    0.19305E-01
    0.30946E+01    0.18359E-01
    0.31571E+01    0.17458E-01
    0.32209E+01    0.16601E-01
    0.32860E+01    0.15785E-01
    0.33523E+01    0.15009E-01
    0.34201E+01    0.14270E-01
    0.34892E+01    0.13567E-01
    0.35596E+01    0.12898E-01
    0.36316E+01    0.12261E-01
    0.37049E+01    0.11655E-01
    0.37798E+01    0.11079E-01
    0.38561E+01    0.10530E-01
    0.39340E+01    0.10009E-01
    0.40135E+01    0.95123E-02
    0.40946E+01    0.90402E-02
    0.41773E+01    0.85912E-02
    0.42617E+01    0.81641E-02
    0.43478E+01    0.77579E-02
    0.44356E+01    0.73716E-02
    0.45252E+01    0.70042E-02
    0.46166E+01    0.66549E-02
    0.47099E+01    0.63227E-02
    0.48050E+01    0.60068E-02
    0.49021E+01    0.57065E-02
    0.50011E+01    0.54210E-02
    0.51021E+01    0.51495E-02
    0.52052E+01    0.48914E-02
    0.53104E+01    0.46461E-02
    0.54176E+01    0.44129E-02
    0.55271E+01    0.41913E-02
    0.56387E+01    0.39806E-02
    0.57526E+01    0.37804E-02
    0.58689E+01    0.35901E-02
    0.59874E+01    0.34092E-02
    0.61084E+01    0.32373E-02
    0.62318E+01    0.30740E-02
    0.63577E+01    0.29188E-02
    0.64861E+01    0.27713E-02
    0.66171E+01    0.26312E-02
    0.67508E+01    0.24981E-02
    0.68872E+01    0.23716E-02
    0.70263E+01    0.22515E-02
    0.71682E+01    0.21373E-02
    0.73130E+01    0.20289E-02
    0.74608E+01    0.19259E-02
    0.76115E+01    0.18281E-02
    0.77653E+01    0.17351E-02
    0.79221E+01    0.16469E-02
    0.80822E+01    0.15631E-02
    0.82454E+01    0.14835E-02
    0.84120E+01    0.14079E-02
    0.85819E+01    0.13361E-02
    0.87553E+01    0.12679E-02
    0.89322E+01    0.12031E-02
    0.91126E+01    0.11417E-02
    0.92967E+01    0.10833E-02
    0.94845E+01    0.10279E-02
    0.96761E+01    0.97528E-03
    0.98716E+01    0.92534E-03
    0.10071E+02    0.87792E-03
    0.10274E+02    0.83290E-03
    0.10482E+02    0.79017E-03
    0.10694E+02    0.74960E-03
    0.10910E+02    0.71110E-03
    0.11130E+02    0.67455E-03
    0.11355E+02    0.63986E-03
    0.11584E+02    0.60694E-03
    0.11818E+02    0.57569E-03
    0.12057E+02    0.54604E-03
    0.12301E+02    0.51789E-03
    0.12549E+02    0.49119E-03
    0.12803E+02    0.46584E-03
    0.13061E+02    0.44180E-03
    0.13325E+02    0.41898E-03
    0.13594E+02    0.39732E-03
    0.13869E+02    0.37678E-03
    0.14149E+02    0.35729E-03
    0.14435E+02    0.33879E-03
    0.14727E+02    0.32125E-03
    0.15024E+02    0.30460E-03
    0.15328E+02    0.28881E-03
    0.15637E+02    0.27383E-03
    0.15953E+02    0.25962E-03
    0.16275E+02    0.24614E-03
    0.16604E+02    0.23335E-03
    0.16940E+02    0.22122E-03
    0.17282E+02    0.20972E-03
    0.17631E+02    0.19881E-03
    0.17987E+02    0.18846E-03
    0.18351E+02    0.17865E-03
    0.18721E+02    0.16934E-03
    0.19099E+02    0.16051E-03
    0.19485E+02    0.15214E-03
    0.19879E+02    0.14420E-03
    0.20280E+02    0.13667E-03
    0.20690E+02    0.12954E-03
    0.21108E+02    0.12277E-03
    0.21535E+02    0.11635E-03
    0.21970E+02    0.11027E-03
    0.22413E+02    0.10450E-03
    0.22866E+02    0.99026E-04
    0.23328E+02    0.93840E-04
    0.23799E+02    0.88923E-04
    0.24280E+02    0.84261E-04
    0.24771E+02    0.79842E-04
    0.25271E+02    0.75653E-04
    0.25782E+02    0.71682E-04
    0.26302E+02    0.67918E-04
    0.26834E+02    0.64350E-04
    0.27376E+02    0.60968E-04
    0.27929E+02    0.57762E-04
    0.28493E+02    0.54723E-04
    0.29069E+02    0.51843E-04
    0.29656E+02    0.49113E-04
    0.30255E+02    0.46526E-04
    0.30866E+02    0.44074E-04
    0.31490E+02    0.41751E-04
    0.32126E+02    0.39548E-04
    0.32775E+02    0.37462E-04
    0.33437E+02    0.35484E-04
    0.34112E+02    0.33610E-04
    0.34801E+02    0.31834E-04
    0.35504E+02    0.30151E-04
    0.36222E+02    0.28557E-04
    0.36953E+02    0.27046E-04
    0.37700E+02    0.25615E-04
    0.38462E+02    0.24258E-04
    0.39239E+02    0.22973E-04
    0.40031E+02    0.21756E-04
    0.40840E+02    0.20602E-04
    0.41665E+02    0.19510E-04
    0.42507E+02    0.18474E-04
    0.43365E+02    0.17494E-04
    0.44241E+02    0.16564E-04
    0.45135E+02    0.15684E-04
    0.46047E+02    0.14851E-04
    0.46977E+02    0.14061E-04
    0.47926E+02    0.13313E-04
    0.48894E+02    0.12604E-04
    0.49882E+02    0.11933E-04
    0.50890E+02    0.11297E-04
    0.51918E+02    0.10695E-04
    0.52966E+02    0.10125E-04
    0.54036E+02    0.95848E-05
    0.55128E+02    0.90733E-05
    0.56242E+02    0.85889E-05
    0.57378E+02    0.81301E-05
    0.58537E+02    0.76956E-05
    0.59720E+02    0.72841E-05
    0.60926E+02    0.68945E-05
    0.62157E+02    0.65255E-05
    0.63412E+02    0.61761E-05
    0.64693E+02    0.58453E-05
    0.66000E+02    0.55320E-05
    0.67334E+02    0.52353E-05
    0.68694E+02    0.49545E-05
    0.70082E+02    0.46885E-05
    0.71497E+02    0.44368E-05
    0.72942E+02    0.41984E-05
    0.74415E+02    0.39727E-05
    0.75918E+02    0.37590E-05
    0.77452E+02    0.35567E-05
    0.79017E+02    0.33652E-05
    0.80613E+02    0.31839E-05
    0.82241E+02    0.30123E-05
    0.83903E+02    0.28498E-05
    0.85598E+02    0.26960E-05
    0.87327E+02    0.25505E-05
    0.89091E+02    0.24127E-05
    0.90891E+02    0.22822E-05
    0.92727E+02    0.21588E-05
    0.94600E+02    0.20419E-05
    0.96511E+02    0.19313E-05
    0.98461E+02    0.18267E-05
    0.10045E+03    0.17276E-05
    0.10248E+03    0.16338E-05
    0.10455E+03    0.15451E-05
    0.10666E+03    0.14611E-05
    0.10882E+03    0.13817E-05
    0.11101E+03    0.13065E-05
    0.11326E+03    0.12353E-05
    0.11554E+03    0.11680E-05
    0.11788E+03    0.11043E-05
    0.12026E+03    0.10440E-05
    0.12269E+03    0.98695E-06
    0.12517E+03    0.93298E-06
    0.12770E+03    0.88192E-06
    0.13028E+03    0.83361E-06
    0.13291E+03    0.78791E-06
    0.13559E+03    0.74467E-06
    0.13833E+03    0.70377E-06
    0.14113E+03    0.66508E-06
    0.14398E+03    0.62847E-06
    0.14689E+03    0.59385E-06
    0.14985E+03    0.56110E-06
    0.15288E+03    0.53013E-06
    0.15597E+03    0.50083E-06
    0.15912E+03    0.47312E-06
    0.16233E+03    0.44692E-06
    0.16561E+03    0.42213E-06
    0.16896E+03    0.39870E-06
    0.17237E+03    0.37654E-06
    0.17585E+03    0.35558E-06
    0.17941E+03    0.33576E-06
    0.18303E+03    0.31703E-06
    0.18673E+03    0.29931E-06
    0.19050E+03    0.28257E-06
    0.19435E+03    0.26673E-06
    0.19828E+03    0.25177E-06
    0.20228E+03    0.23762E-06
    0.20637E+03    0.22425E-06
    0.21054E+03    0.21161E-06
    0.21479E+03    0.19966E-06
    0.21913E+03    0.18837E-06
    0.22356E+03    0.17770E-06
    0.22807E+03    0.16762E-06
    0.23268E+03    0.15809E-06
    0.23738E+03    0.14909E-06
    0.24217E+03    0.14059E-06
    0.24707E+03    0.13255E-06
    0.25206E+03    0.12497E-06
    0.25715E+03    0.11780E-06
    0.26234E+03    0.11103E-06
    0.26764E+03    0.10464E-06
    0.27305E+03    0.98600E-07
    0.27857E+03    0.92900E-07
    0.28419E+03    0.87519E-07
    0.28994E+03    0.82439E-07
    0.29579E+03    0.77644E-07
    0.30177E+03    0.73118E-07
    0.30786E+03    0.68846E-07
    0.31408E+03    0.64816E-07
    0.32043E+03    0.61013E-07
    0.32690E+03    0.57426E-07
    0.33351E+03    0.54043E-07
    0.34024E+03    0.50852E-07
    0.34712E+03    0.47843E-07
    0.35413E+03    0.45005E-07
    0.36128E+03    0.42329E-07
    0.36858E+03    0.39805E-07
    0.37603E+03    0.37427E-07
    0.38362E+03    0.35190E-07
