  0.971146E-05  0.220726E+07  0.220726E+07  0.294286E+07  0.294286E+07  0.221857E+07  0.220731E+07
  0.107227E-04  0.220726E+07  0.220726E+07  0.294283E+07  0.294283E+07  0.221857E+07  0.220731E+07
  0.118393E-04  0.220726E+07  0.220726E+07  0.294279E+07  0.294278E+07  0.221856E+07  0.220731E+07
  0.130721E-04  0.220725E+07  0.220725E+07  0.294274E+07  0.294274E+07  0.221856E+07  0.220731E+07
  0.144334E-04  0.220725E+07  0.220725E+07  0.294268E+07  0.294268E+07  0.221855E+07  0.220731E+07
  0.159363E-04  0.220725E+07  0.220725E+07  0.294261E+07  0.294260E+07  0.221855E+07  0.220731E+07
  0.175958E-04  0.220725E+07  0.220725E+07  0.294252E+07  0.294251E+07  0.221854E+07  0.220731E+07
  0.194281E-04  0.220725E+07  0.220725E+07  0.294241E+07  0.294240E+07  0.221853E+07  0.220730E+07
  0.214511E-04  0.220725E+07  0.220725E+07  0.294228E+07  0.294227E+07  0.221851E+07  0.220730E+07
  0.236849E-04  0.220725E+07  0.220725E+07  0.294212E+07  0.294211E+07  0.221850E+07  0.220730E+07
  0.261512E-04  0.220725E+07  0.220725E+07  0.294193E+07  0.294191E+07  0.221848E+07  0.220730E+07
  0.288744E-04  0.220724E+07  0.220724E+07  0.294169E+07  0.294167E+07  0.221845E+07  0.220730E+07
  0.318811E-04  0.220724E+07  0.220724E+07  0.294140E+07  0.294138E+07  0.221842E+07  0.220729E+07
  0.352009E-04  0.220724E+07  0.220724E+07  0.294105E+07  0.294102E+07  0.221839E+07  0.220729E+07
  0.388664E-04  0.220723E+07  0.220723E+07  0.294062E+07  0.294058E+07  0.221834E+07  0.220728E+07
  0.429136E-04  0.220722E+07  0.220722E+07  0.294009E+07  0.294005E+07  0.221829E+07  0.220728E+07
  0.473823E-04  0.220722E+07  0.220722E+07  0.293945E+07  0.293940E+07  0.221823E+07  0.220727E+07
  0.523163E-04  0.220721E+07  0.220721E+07  0.293867E+07  0.293861E+07  0.221815E+07  0.220726E+07
  0.577640E-04  0.220720E+07  0.220720E+07  0.293772E+07  0.293765E+07  0.221805E+07  0.220725E+07
  0.637791E-04  0.220718E+07  0.220718E+07  0.293656E+07  0.293647E+07  0.221793E+07  0.220724E+07
  0.704205E-04  0.220717E+07  0.220717E+07  0.293515E+07  0.293504E+07  0.221779E+07  0.220722E+07
  0.777535E-04  0.220715E+07  0.220715E+07  0.293343E+07  0.293330E+07  0.221761E+07  0.220720E+07
  0.858500E-04  0.220712E+07  0.220712E+07  0.293134E+07  0.293118E+07  0.221740E+07  0.220717E+07
  0.947897E-04  0.220710E+07  0.220709E+07  0.292879E+07  0.292859E+07  0.221714E+07  0.220714E+07
  0.104660E-03  0.220706E+07  0.220706E+07  0.292568E+07  0.292544E+07  0.221682E+07  0.220711E+07
  0.115559E-03  0.220702E+07  0.220701E+07  0.292190E+07  0.292160E+07  0.221644E+07  0.220706E+07
  0.127592E-03  0.220696E+07  0.220696E+07  0.291729E+07  0.291693E+07  0.221597E+07  0.220701E+07
  0.140878E-03  0.220690E+07  0.220690E+07  0.291168E+07  0.291124E+07  0.221540E+07  0.220694E+07
  0.155548E-03  0.220682E+07  0.220682E+07  0.290486E+07  0.290432E+07  0.221470E+07  0.220686E+07
  0.171746E-03  0.220672E+07  0.220672E+07  0.289656E+07  0.289591E+07  0.221385E+07  0.220676E+07
  0.189630E-03  0.220661E+07  0.220660E+07  0.288648E+07  0.288568E+07  0.221281E+07  0.220664E+07
  0.209376E-03  0.220647E+07  0.220646E+07  0.287422E+07  0.287326E+07  0.221155E+07  0.220649E+07
  0.231179E-03  0.220629E+07  0.220629E+07  0.285935E+07  0.285819E+07  0.221001E+07  0.220631E+07
  0.255252E-03  0.220608E+07  0.220607E+07  0.284132E+07  0.283991E+07  0.220814E+07  0.220609E+07
  0.281831E-03  0.220583E+07  0.220581E+07  0.281948E+07  0.281777E+07  0.220587E+07  0.220582E+07
  0.311179E-03  0.220551E+07  0.220550E+07  0.279306E+07  0.279100E+07  0.220310E+07  0.220550E+07
  0.343582E-03  0.220513E+07  0.220512E+07  0.276116E+07  0.275869E+07  0.219974E+07  0.220510E+07
  0.379360E-03  0.220467E+07  0.220465E+07  0.272274E+07  0.271977E+07  0.219565E+07  0.220462E+07
  0.418863E-03  0.220411E+07  0.220408E+07  0.267656E+07  0.267301E+07  0.219069E+07  0.220404E+07
  0.462480E-03  0.220343E+07  0.220340E+07  0.262125E+07  0.261703E+07  0.218467E+07  0.220333E+07
  0.510638E-03  0.220260E+07  0.220256E+07  0.255527E+07  0.255026E+07  0.217738E+07  0.220247E+07
  0.563812E-03  0.220159E+07  0.220155E+07  0.247691E+07  0.247103E+07  0.216856E+07  0.220143E+07
  0.622522E-03  0.220037E+07  0.220032E+07  0.238443E+07  0.237757E+07  0.215791E+07  0.220016E+07
  0.687346E-03  0.219890E+07  0.219883E+07  0.227606E+07  0.226813E+07  0.214507E+07  0.219863E+07
  0.758921E-03  0.219711E+07  0.219703E+07  0.215019E+07  0.214115E+07  0.212963E+07  0.219678E+07
  0.837948E-03  0.219496E+07  0.219486E+07  0.200564E+07  0.199547E+07  0.211111E+07  0.219454E+07
  0.925205E-03  0.219237E+07  0.219225E+07  0.184187E+07  0.183065E+07  0.208900E+07  0.219186E+07
  0.102155E-02  0.218926E+07  0.218912E+07  0.165950E+07  0.164741E+07  0.206269E+07  0.218863E+07
  0.112792E-02  0.218554E+07  0.218537E+07  0.146071E+07  0.144806E+07  0.203157E+07  0.218478E+07
  0.124537E-02  0.218111E+07  0.218089E+07  0.124983E+07  0.123705E+07  0.199490E+07  0.218018E+07
  0.137506E-02  0.217583E+07  0.217558E+07  0.103369E+07  0.102135E+07  0.195216E+07  0.217472E+07
  0.151824E-02  0.216960E+07  0.216929E+07  0.821793E+06  0.810471E+06  0.190286E+07  0.216828E+07
  0.167634E-02  0.216228E+07  0.216190E+07  0.625797E+06  0.615983E+06  0.184661E+07  0.216071E+07
  0.185090E-02  0.215372E+07  0.215326E+07  0.458109E+06  0.449953E+06  0.178323E+07  0.215187E+07
  0.204364E-02  0.214378E+07  0.214323E+07  0.329285E+06  0.322357E+06  0.171294E+07  0.214163E+07
  0.225644E-02  0.213232E+07  0.213166E+07  0.244474E+06  0.237632E+06  0.163639E+07  0.212984E+07
  0.249141E-02  0.211921E+07  0.211840E+07  0.199960E+06  0.191551E+06  0.155477E+07  0.211638E+07
  0.275084E-02  0.210429E+07  0.210332E+07  0.181954E+06  0.170563E+06  0.146977E+07  0.210110E+07
  0.303729E-02  0.208744E+07  0.208627E+07  0.170272E+06  0.155970E+06  0.138345E+07  0.208388E+07
  0.335357E-02  0.206852E+07  0.206710E+07  0.147894E+06  0.133249E+06  0.129791E+07  0.206460E+07
  0.370278E-02  0.204738E+07  0.204566E+07  0.112207E+06  0.101683E+06  0.121493E+07  0.204312E+07
  0.408835E-02  0.202388E+07  0.202180E+07  0.775475E+05  0.743899E+05  0.113552E+07  0.201929E+07
  0.451408E-02  0.199787E+07  0.199535E+07  0.604425E+05  0.630842E+05  0.105977E+07  0.199297E+07
  0.498414E-02  0.196921E+07  0.196618E+07  0.579342E+05  0.000000E+00  0.987017E+06  0.196402E+07
  0.550314E-02  0.193785E+07  0.193419E+07  0.502306E+05  0.000000E+00  0.914642E+06  0.193235E+07
  0.607619E-02  0.190350E+07  0.189909E+07  0.339370E+05  0.000000E+00  0.841512E+06  0.189769E+07
  0.670891E-02  0.186608E+07  0.186079E+07  0.273114E+05  0.000000E+00  0.768341E+06  0.185996E+07
  0.740752E-02  0.182547E+07  0.181911E+07  0.264327E+05  0.000000E+00  0.694165E+06  0.181902E+07
  0.817888E-02  0.178150E+07  0.177389E+07  0.174432E+05  0.000000E+00  0.621559E+06  0.177470E+07
  0.903055E-02  0.173404E+07  0.172495E+07  0.156295E+05  0.000000E+00  0.553262E+06  0.172690E+07
  0.997092E-02  0.168297E+07  0.167214E+07  0.122569E+05  0.000000E+00  0.491490E+06  0.167549E+07
  0.110092E-01  0.162816E+07  0.161531E+07  0.973731E+04  0.000000E+00  0.433187E+06  0.162033E+07
  0.121556E-01  0.156949E+07  0.155432E+07  0.742165E+04  0.000000E+00  0.376010E+06  0.156129E+07
  0.134214E-01  0.150688E+07  0.148905E+07  0.666073E+04  0.000000E+00  0.324138E+06  0.149829E+07
  0.148190E-01  0.144027E+07  0.141944E+07  0.449758E+04  0.000000E+00  0.278185E+06  0.143128E+07
  0.163621E-01  0.137127E+07  0.134714E+07  0.353455E+04  0.000000E+00  0.235906E+06  0.136188E+07
  0.180659E-01  0.129718E+07  0.126948E+07  0.301875E+04  0.000000E+00  0.197815E+06  0.128736E+07
  0.199471E-01  0.121959E+07  0.118815E+07  0.245166E+04  0.000000E+00  0.164500E+06  0.120937E+07
  0.220242E-01  0.113786E+07  0.110268E+07  0.214316E+04  0.000000E+00  0.134864E+06  0.112728E+07
  0.243176E-01  0.105492E+07  0.101623E+07  0.142233E+04  0.000000E+00  0.109512E+06  0.104404E+07
  0.268499E-01  0.971715E+06  0.930036E+06  0.102240E+04  0.000000E+00  0.880762E+05  0.960637E+06
  0.296458E-01  0.888544E+06  0.844814E+06  0.803448E+03  0.000000E+00  0.700171E+05  0.877441E+06
  0.327328E-01  0.807615E+06  0.763194E+06  0.558496E+03  0.000000E+00  0.550503E+05  0.796714E+06
  0.361414E-01  0.731789E+06  0.688438E+06  0.454518E+03  0.000000E+00  0.431593E+05  0.721369E+06
  0.399048E-01  0.662874E+06  0.622616E+06  0.337738E+03  0.000000E+00  0.336365E+05  0.653246E+06
  0.438953E-01  0.604319E+06  0.568905E+06  0.000000E+00  0.000000E+00  0.264937E+05  0.595733E+06
  0.478858E-01  0.558418E+06  0.528661E+06  0.000000E+00  0.000000E+00  0.213660E+05  0.550958E+06
  0.518762E-01  0.521249E+06  0.497138E+06  0.000000E+00  0.000000E+00  0.175693E+05  0.514876E+06
  0.558667E-01  0.489877E+06  0.470710E+06  0.000000E+00  0.000000E+00  0.146653E+05  0.484453E+06
  0.598572E-01  0.462078E+06  0.446679E+06  0.000000E+00  0.000000E+00  0.123634E+05  0.457396E+06
  0.638477E-01  0.435894E+06  0.422869E+06  0.000000E+00  0.000000E+00  0.105160E+05  0.431719E+06
  0.678382E-01  0.410092E+06  0.398082E+06  0.000000E+00  0.000000E+00  0.893054E+04  0.406199E+06
  0.718286E-01  0.384898E+06  0.372786E+06  0.000000E+00  0.000000E+00  0.760467E+04  0.381102E+06
  0.758191E-01  0.359532E+06  0.346586E+06  0.000000E+00  0.000000E+00  0.647084E+04  0.355715E+06
  0.798096E-01  0.335180E+06  0.321103E+06  0.000000E+00  0.000000E+00  0.551824E+04  0.331290E+06
  0.838001E-01  0.312494E+06  0.297390E+06  0.000000E+00  0.000000E+00  0.472349E+04  0.308539E+06
  0.887890E-01  0.287286E+06  0.271508E+06  0.000000E+00  0.000000E+00  0.392129E+04  0.283337E+06
  0.937778E-01  0.266279E+06  0.250784E+06  0.000000E+00  0.000000E+00  0.329948E+04  0.262474E+06
  0.987667E-01  0.249665E+06  0.235390E+06  0.000000E+00  0.000000E+00  0.282327E+04  0.246138E+06
  0.103756E+00  0.236780E+06  0.224371E+06  0.000000E+00  0.000000E+00  0.245450E+04  0.233619E+06
  0.108744E+00  0.226381E+06  0.216053E+06  0.000000E+00  0.000000E+00  0.215967E+04  0.223611E+06
  0.113733E+00  0.217151E+06  0.208683E+06  0.000000E+00  0.000000E+00  0.191286E+04  0.214729E+06
  0.118722E+00  0.208077E+06  0.200937E+06  0.000000E+00  0.000000E+00  0.169687E+04  0.205916E+06
  0.123711E+00  0.198583E+06  0.192103E+06  0.000000E+00  0.000000E+00  0.150288E+04  0.196575E+06
  0.128700E+00  0.188534E+06  0.182102E+06  0.000000E+00  0.000000E+00  0.132697E+04  0.186582E+06
  0.133689E+00  0.178158E+06  0.171356E+06  0.000000E+00  0.000000E+00  0.116819E+04  0.176193E+06
  0.138678E+00  0.167902E+06  0.160580E+06  0.000000E+00  0.000000E+00  0.102790E+04  0.165900E+06
  0.143667E+00  0.158310E+06  0.150571E+06  0.000000E+00  0.000000E+00  0.907206E+03  0.156285E+06
  0.148655E+00  0.149871E+06  0.141998E+06  0.000000E+00  0.000000E+00  0.805827E+03  0.147864E+06
  0.153644E+00  0.142834E+06  0.135177E+06  0.000000E+00  0.000000E+00  0.722004E+03  0.140895E+06
  0.158633E+00  0.137111E+06  0.129985E+06  0.000000E+00  0.000000E+00  0.652883E+03  0.135287E+06
  0.163622E+00  0.132389E+06  0.125989E+06  0.000000E+00  0.000000E+00  0.594999E+03  0.130706E+06
  0.168611E+00  0.128292E+06  0.122658E+06  0.000000E+00  0.000000E+00  0.545305E+03  0.126755E+06
  0.173600E+00  0.124451E+06  0.119482E+06  0.000000E+00  0.000000E+00  0.501040E+03  0.123041E+06
  0.178589E+00  0.120539E+06  0.116034E+06  0.000000E+00  0.000000E+00  0.460244E+03  0.119224E+06
  0.183578E+00  0.116358E+06  0.112082E+06  0.000000E+00  0.000000E+00  0.421781E+03  0.115101E+06
  0.188566E+00  0.111911E+06  0.107657E+06  0.000000E+00  0.000000E+00  0.385477E+03  0.110678E+06
  0.193555E+00  0.107351E+06  0.102987E+06  0.000000E+00  0.000000E+00  0.351607E+03  0.106122E+06
  0.198544E+00  0.102877E+06  0.983604E+05  0.000000E+00  0.000000E+00  0.320730E+03  0.101644E+06
  0.203533E+00  0.986695E+05  0.940465E+05  0.000000E+00  0.000000E+00  0.293191E+03  0.974391E+05
  0.208522E+00  0.948768E+05  0.902500E+05  0.000000E+00  0.000000E+00  0.269137E+03  0.936637E+05
  0.213511E+00  0.915764E+05  0.870693E+05  0.000000E+00  0.000000E+00  0.248343E+03  0.903987E+05
  0.218500E+00  0.887482E+05  0.844685E+05  0.000000E+00  0.000000E+00  0.230285E+03  0.876213E+05
  0.223489E+00  0.862902E+05  0.823034E+05  0.000000E+00  0.000000E+00  0.214422E+03  0.852231E+05
  0.228478E+00  0.840635E+05  0.803818E+05  0.000000E+00  0.000000E+00  0.200246E+03  0.830571E+05
  0.233466E+00  0.819290E+05  0.785155E+05  0.000000E+00  0.000000E+00  0.187279E+03  0.809769E+05
  0.238455E+00  0.797747E+05  0.765590E+05  0.000000E+00  0.000000E+00  0.175072E+03  0.788654E+05
  0.243444E+00  0.775412E+05  0.744412E+05  0.000000E+00  0.000000E+00  0.163497E+03  0.766615E+05
  0.248433E+00  0.752317E+05  0.721747E+05  0.000000E+00  0.000000E+00  0.152510E+03  0.743701E+05
  0.253422E+00  0.728952E+05  0.698334E+05  0.000000E+00  0.000000E+00  0.142204E+03  0.720440E+05
  0.258411E+00  0.705995E+05  0.675168E+05  0.000000E+00  0.000000E+00  0.132606E+03  0.697557E+05
  0.263400E+00  0.684118E+05  0.653214E+05  0.000000E+00  0.000000E+00  0.123763E+03  0.675772E+05
  0.268389E+00  0.663864E+05  0.633218E+05  0.000000E+00  0.000000E+00  0.115748E+03  0.655656E+05
  0.273377E+00  0.645507E+05  0.615535E+05  0.000000E+00  0.000000E+00  0.108586E+03  0.637498E+05
  0.278366E+00  0.628981E+05  0.600052E+05  0.000000E+00  0.000000E+00  0.102166E+03  0.621222E+05
  0.283355E+00  0.613945E+05  0.586291E+05  0.000000E+00  0.000000E+00  0.963526E+02  0.606467E+05
  0.288344E+00  0.599925E+05  0.573600E+05  0.000000E+00  0.000000E+00  0.910118E+02  0.592732E+05
  0.293333E+00  0.586441E+05  0.561328E+05  0.000000E+00  0.000000E+00  0.860516E+02  0.579512E+05
  0.298322E+00  0.573099E+05  0.548963E+05  0.000000E+00  0.000000E+00  0.814016E+02  0.566394E+05
  0.303311E+00  0.559668E+05  0.536224E+05  0.000000E+00  0.000000E+00  0.769687E+02  0.553141E+05
  0.308300E+00  0.546113E+05  0.523100E+05  0.000000E+00  0.000000E+00  0.727300E+02  0.539722E+05
  0.313288E+00  0.532574E+05  0.509808E+05  0.000000E+00  0.000000E+00  0.687025E+02  0.526288E+05
  0.318277E+00  0.519282E+05  0.496684E+05  0.000000E+00  0.000000E+00  0.649452E+02  0.513087E+05
  0.323266E+00  0.506479E+05  0.484072E+05  0.000000E+00  0.000000E+00  0.614429E+02  0.500376E+05
  0.328255E+00  0.494350E+05  0.472232E+05  0.000000E+00  0.000000E+00  0.582109E+02  0.488352E+05
  0.333244E+00  0.482989E+05  0.461290E+05  0.000000E+00  0.000000E+00  0.552213E+02  0.477115E+05
  0.338233E+00  0.472387E+05  0.451231E+05  0.000000E+00  0.000000E+00  0.524580E+02  0.466652E+05
  0.343222E+00  0.462444E+05  0.441914E+05  0.000000E+00  0.000000E+00  0.498852E+02  0.456859E+05
  0.348211E+00  0.453009E+05  0.433130E+05  0.000000E+00  0.000000E+00  0.474890E+02  0.447576E+05
  0.353199E+00  0.443917E+05  0.424658E+05  0.000000E+00  0.000000E+00  0.452582E+02  0.438630E+05
  0.358188E+00  0.435027E+05  0.416309E+05  0.000000E+00  0.000000E+00  0.431630E+02  0.429871E+05
  0.363177E+00  0.426238E+05  0.407964E+05  0.000000E+00  0.000000E+00  0.411774E+02  0.421197E+05
  0.368166E+00  0.417514E+05  0.399589E+05  0.000000E+00  0.000000E+00  0.392684E+02  0.412573E+05
  0.373155E+00  0.408886E+05  0.391236E+05  0.000000E+00  0.000000E+00  0.374401E+02  0.404031E+05
  0.378144E+00  0.400431E+05  0.383017E+05  0.000000E+00  0.000000E+00  0.357008E+02  0.395655E+05
  0.383133E+00  0.392226E+05  0.375041E+05  0.000000E+00  0.000000E+00  0.340761E+02  0.387527E+05
  0.388122E+00  0.384326E+05  0.367392E+05  0.000000E+00  0.000000E+00  0.325542E+02  0.379705E+05
  0.393110E+00  0.376762E+05  0.360116E+05  0.000000E+00  0.000000E+00  0.311209E+02  0.372225E+05
  0.398099E+00  0.369546E+05  0.353227E+05  0.000000E+00  0.000000E+00  0.297764E+02  0.365097E+05
  0.403088E+00  0.362659E+05  0.346694E+05  0.000000E+00  0.000000E+00  0.285196E+02  0.358301E+05
  0.408077E+00  0.356047E+05  0.340446E+05  0.000000E+00  0.000000E+00  0.273311E+02  0.351781E+05
  0.413066E+00  0.349646E+05  0.334401E+05  0.000000E+00  0.000000E+00  0.261986E+02  0.345469E+05
  0.418055E+00  0.343406E+05  0.328493E+05  0.000000E+00  0.000000E+00  0.251256E+02  0.339313E+05
  0.423044E+00  0.337296E+05  0.322680E+05  0.000000E+00  0.000000E+00  0.241081E+02  0.333281E+05
  0.428033E+00  0.331293E+05  0.316940E+05  0.000000E+00  0.000000E+00  0.231363E+02  0.327350E+05
  0.433021E+00  0.325393E+05  0.311271E+05  0.000000E+00  0.000000E+00  0.222107E+02  0.321516E+05
  0.438010E+00  0.319608E+05  0.305698E+05  0.000000E+00  0.000000E+00  0.213289E+02  0.315793E+05
  0.442999E+00  0.313965E+05  0.300259E+05  0.000000E+00  0.000000E+00  0.204921E+02  0.310211E+05
  0.447988E+00  0.308489E+05  0.294987E+05  0.000000E+00  0.000000E+00  0.196946E+02  0.304795E+05
  0.452977E+00  0.303190E+05  0.289899E+05  0.000000E+00  0.000000E+00  0.189344E+02  0.299556E+05
  0.457966E+00  0.298067E+05  0.284997E+05  0.000000E+00  0.000000E+00  0.182103E+02  0.294494E+05
  0.462955E+00  0.293112E+05  0.280270E+05  0.000000E+00  0.000000E+00  0.175253E+02  0.289600E+05
  0.467944E+00  0.288314E+05  0.275703E+05  0.000000E+00  0.000000E+00  0.168802E+02  0.284862E+05
  0.472932E+00  0.283656E+05  0.271274E+05  0.000000E+00  0.000000E+00  0.162678E+02  0.280265E+05
  0.477921E+00  0.279119E+05  0.266956E+05  0.000000E+00  0.000000E+00  0.156793E+02  0.275785E+05
  0.482910E+00  0.274681E+05  0.262726E+05  0.000000E+00  0.000000E+00  0.151136E+02  0.271402E+05
  0.487899E+00  0.270331E+05  0.258571E+05  0.000000E+00  0.000000E+00  0.145761E+02  0.267105E+05
  0.492888E+00  0.266069E+05  0.254490E+05  0.000000E+00  0.000000E+00  0.140578E+02  0.262894E+05
  0.497877E+00  0.261898E+05  0.250491E+05  0.000000E+00  0.000000E+00  0.135588E+02  0.258771E+05
  0.502866E+00  0.257821E+05  0.246578E+05  0.000000E+00  0.000000E+00  0.130835E+02  0.254741E+05
  0.507855E+00  0.253840E+05  0.242758E+05  0.000000E+00  0.000000E+00  0.126392E+02  0.250805E+05
  0.512843E+00  0.249960E+05  0.239039E+05  0.000000E+00  0.000000E+00  0.122141E+02  0.246970E+05
  0.517832E+00  0.246184E+05  0.235425E+05  0.000000E+00  0.000000E+00  0.118028E+02  0.243239E+05
  0.522821E+00  0.242511E+05  0.231914E+05  0.000000E+00  0.000000E+00  0.114006E+02  0.239610E+05
  0.527810E+00  0.238932E+05  0.228497E+05  0.000000E+00  0.000000E+00  0.110163E+02  0.236075E+05
  0.532799E+00  0.235441E+05  0.225165E+05  0.000000E+00  0.000000E+00  0.106545E+02  0.232626E+05
  0.537788E+00  0.232032E+05  0.221912E+05  0.000000E+00  0.000000E+00  0.103122E+02  0.229259E+05
  0.542777E+00  0.228700E+05  0.218731E+05  0.000000E+00  0.000000E+00  0.998308E+01  0.225968E+05
  0.547766E+00  0.225438E+05  0.215615E+05  0.000000E+00  0.000000E+00  0.966314E+01  0.222746E+05
  0.552755E+00  0.222242E+05  0.212558E+05  0.000000E+00  0.000000E+00  0.935680E+01  0.219587E+05
  0.557743E+00  0.219108E+05  0.209559E+05  0.000000E+00  0.000000E+00  0.906099E+01  0.216491E+05
  0.562732E+00  0.216041E+05  0.206622E+05  0.000000E+00  0.000000E+00  0.877678E+01  0.213460E+05
  0.567721E+00  0.213042E+05  0.203750E+05  0.000000E+00  0.000000E+00  0.850155E+01  0.210496E+05
  0.572710E+00  0.210109E+05  0.200941E+05  0.000000E+00  0.000000E+00  0.824096E+01  0.207597E+05
  0.577699E+00  0.207239E+05  0.198195E+05  0.000000E+00  0.000000E+00  0.799109E+01  0.204761E+05
  0.582688E+00  0.204433E+05  0.195511E+05  0.000000E+00  0.000000E+00  0.774966E+01  0.201989E+05
  0.630774E+00  0.180244E+05  0.172384E+05  0.000000E+00  0.000000E+00  0.583796E+01  0.178090E+05
  0.682829E+00  0.158782E+05  0.151860E+05  0.000000E+00  0.000000E+00  0.438920E+01  0.156885E+05
  0.739179E+00  0.139767E+05  0.133675E+05  0.000000E+00  0.000000E+00  0.330009E+01  0.138098E+05
  0.800180E+00  0.122938E+05  0.117580E+05  0.000000E+00  0.000000E+00  0.247957E+01  0.121469E+05
  0.866215E+00  0.108058E+05  0.103349E+05  0.000000E+00  0.000000E+00  0.186053E+01  0.106767E+05
  0.937699E+00  0.949158E+04  0.907798E+04  0.000000E+00  0.000000E+00  0.139517E+01  0.937820E+04
  0.101508E+01  0.833160E+04  0.796858E+04  0.000000E+00  0.000000E+00  0.104605E+01  0.823208E+04
  0.109885E+01  0.730869E+04  0.699027E+04  0.000000E+00  0.000000E+00  0.782478E+00  0.722139E+04
  0.118953E+01  0.640754E+04  0.612840E+04  0.000000E+00  0.000000E+00  0.585572E+00  0.633101E+04
  0.128770E+01  0.561413E+04  0.536958E+04  0.000000E+00  0.000000E+00  0.438111E+00  0.554708E+04
  0.139397E+01  0.491616E+04  0.470202E+04  0.000000E+00  0.000000E+00  0.453305E+00  0.485744E+04
  0.150901E+01  0.430258E+04  0.411518E+04  0.000000E+00  0.000000E+00  0.339140E+00  0.425119E+04
  0.163354E+01  0.376362E+04  0.359971E+04  0.000000E+00  0.000000E+00  0.253224E+00  0.371867E+04
  0.176834E+01  0.329044E+04  0.314715E+04  0.000000E+00  0.000000E+00  0.188963E+00  0.325115E+04
  0.191428E+01  0.287536E+04  0.275014E+04  0.000000E+00  0.000000E+00  0.141023E+00  0.284102E+04
  0.207225E+01  0.251143E+04  0.240207E+04  0.000000E+00  0.000000E+00  0.104934E+00  0.248144E+04
  0.224326E+01  0.219254E+04  0.209707E+04  0.000000E+00  0.000000E+00  0.782769E-01  0.216636E+04
  0.242839E+01  0.191330E+04  0.182998E+04  0.000000E+00  0.000000E+00  0.581582E-01  0.189045E+04
  0.262879E+01  0.166889E+04  0.159622E+04  0.000000E+00  0.000000E+00  0.434533E-01  0.164897E+04
  0.284573E+01  0.145510E+04  0.139174E+04  0.000000E+00  0.000000E+00  0.321936E-01  0.143772E+04
  0.308058E+01  0.126818E+04  0.121296E+04  0.000000E+00  0.000000E+00  0.239476E-01  0.125304E+04
  0.333480E+01  0.110484E+04  0.105673E+04  0.000000E+00  0.000000E+00  0.178526E-01  0.109164E+04
  0.361001E+01  0.962173E+03  0.920272E+03  0.000000E+00  0.000000E+00  0.133431E-01  0.950683E+03
  0.390792E+01  0.837620E+03  0.801141E+03  0.000000E+00  0.000000E+00  0.988697E-02  0.827617E+03
  0.423042E+01  0.728933E+03  0.697185E+03  0.000000E+00  0.000000E+00  0.728366E-02  0.720228E+03
  0.457954E+01  0.634129E+03  0.606507E+03  0.000000E+00  0.000000E+00  0.545360E-02  0.626555E+03
  0.495746E+01  0.551472E+03  0.527447E+03  0.000000E+00  0.000000E+00  0.400291E-02  0.544885E+03
  0.536658E+01  0.479432E+03  0.458542E+03  0.000000E+00  0.000000E+00  0.296704E-02  0.473705E+03
  0.580945E+01  0.416673E+03  0.398515E+03  0.000000E+00  0.000000E+00  0.219874E-02  0.411695E+03
  0.628888E+01  0.362017E+03  0.346237E+03  0.000000E+00  0.000000E+00  0.160658E-02  0.357691E+03
  0.680787E+01  0.314438E+03  0.300728E+03  0.000000E+00  0.000000E+00  0.122048E-02  0.310681E+03
  0.736969E+01  0.273034E+03  0.261125E+03  0.000000E+00  0.000000E+00  0.871038E-03  0.269771E+03
  0.797787E+01  0.237015E+03  0.226673E+03  0.000000E+00  0.000000E+00  0.670165E-03  0.234182E+03
  0.863624E+01  0.205693E+03  0.196713E+03  0.000000E+00  0.000000E+00  0.511685E-03  0.203233E+03
  0.934895E+01  0.178462E+03  0.170667E+03  0.000000E+00  0.000000E+00  0.366585E-03  0.176327E+03
  0.101205E+02  0.154797E+03  0.148031E+03  0.000000E+00  0.000000E+00  0.253276E-03  0.152944E+03
  0.109557E+02  0.134236E+03  0.128364E+03  0.000000E+00  0.000000E+00  0.189466E-03  0.132629E+03
  0.118598E+02  0.116377E+03  0.111282E+03  0.000000E+00  0.000000E+00  0.164258E-03  0.114983E+03
  0.128385E+02  0.100871E+03  0.964500E+02  0.000000E+00  0.000000E+00  0.123153E-03  0.996620E+02
  0.138980E+02  0.874109E+02  0.835747E+02  0.000000E+00  0.000000E+00  0.883436E-04  0.863622E+02
  0.150449E+02  0.757296E+02  0.724011E+02  0.000000E+00  0.000000E+00  0.477526E-04  0.748202E+02
  0.162865E+02  0.655949E+02  0.627068E+02  0.000000E+00  0.000000E+00  0.331814E-04  0.648064E+02
  0.176306E+02  0.568044E+02  0.542982E+02  0.000000E+00  0.000000E+00  0.249417E-04  0.561207E+02
  0.190855E+02  0.491816E+02  0.470065E+02  0.000000E+00  0.000000E+00  0.235255E-04  0.485888E+02
  0.206606E+02  0.425730E+02  0.406849E+02  0.000000E+00  0.000000E+00  0.257080E-04  0.420590E+02
  0.223656E+02  0.368450E+02  0.352055E+02  0.000000E+00  0.000000E+00  0.837673E-05  0.363993E+02
  0.242113E+02  0.318813E+02  0.304573E+02  0.000000E+00  0.000000E+00  0.355614E-05  0.314947E+02
  0.262093E+02  0.275811E+02  0.263436E+02  0.000000E+00  0.000000E+00  0.304565E-05  0.272458E+02
  0.283722E+02  0.238564E+02  0.227804E+02  0.000000E+00  0.000000E+00  0.916474E-05  0.235654E+02
  0.307137E+02  0.206308E+02  0.196946E+02  0.000000E+00  0.000000E+00  0.486725E-06  0.203783E+02
  0.332483E+02  0.178381E+02  0.170229E+02  0.000000E+00  0.000000E+00  0.303062E-05  0.176188E+02
  0.359921E+02  0.154206E+02  0.147100E+02  0.000000E+00  0.000000E+00 -0.745153E-07  0.152301E+02
  0.389624E+02  0.133284E+02  0.127083E+02  0.000000E+00  0.000000E+00  0.745981E-06  0.131627E+02
  0.421777E+02  0.115180E+02  0.109761E+02  0.000000E+00  0.000000E+00  0.376187E-05  0.113738E+02
  0.456584E+02  0.995168E+01  0.947744E+01  0.000000E+00  0.000000E+00 -0.179693E-06  0.982613E+01
  0.494264E+02  0.859685E+01  0.818106E+01  0.000000E+00  0.000000E+00  0.245936E-07  0.848738E+01
  0.535053E+02  0.742515E+01  0.705983E+01  0.000000E+00  0.000000E+00 -0.587851E-06  0.732958E+01
  0.579208E+02  0.641199E+01  0.609027E+01  0.000000E+00  0.000000E+00  0.167926E-05  0.632844E+01
  0.627007E+02  0.553606E+01  0.525198E+01  0.000000E+00  0.000000E+00 -0.113444E-06  0.546288E+01
  0.678751E+02  0.477890E+01  0.452730E+01  0.000000E+00  0.000000E+00 -0.983551E-06  0.471469E+01
  0.734765E+02  0.412451E+01  0.390093E+01  0.000000E+00  0.000000E+00  0.106007E-05  0.406803E+01
  0.795402E+02  0.355903E+01  0.335962E+01  0.000000E+00  0.000000E+00 -0.305529E-06  0.350923E+01
  0.861042E+02  0.307045E+01  0.289189E+01  0.000000E+00  0.000000E+00 -0.571332E-06  0.302641E+01
  0.932099E+02  0.264837E+01  0.248779E+01  0.000000E+00  0.000000E+00  0.200498E-06  0.260931E+01
  0.100902E+03  0.228380E+01  0.213872E+01  0.000000E+00  0.000000E+00  0.426337E-06  0.224903E+01
  0.109229E+03  0.196895E+01  0.183724E+01  0.000000E+00  0.000000E+00 -0.372731E-06  0.193788E+01
  0.118243E+03  0.169707E+01  0.157690E+01  0.000000E+00  0.000000E+00 -0.141923E-06  0.166920E+01
  0.128001E+03  0.146233E+01  0.135213E+01  0.000000E+00  0.000000E+00  0.253972E-06  0.143722E+01
  0.138564E+03  0.125969E+01  0.115810E+01  0.000000E+00  0.000000E+00 -0.255517E-06  0.123696E+01
  0.149999E+03  0.108478E+01  0.990660E+00  0.000000E+00  0.000000E+00  0.180220E-06  0.106412E+01
  0.162378E+03  0.933829E+00  0.846201E+00  0.000000E+00  0.000000E+00  0.141705E-06  0.914957E+00
  0.175778E+03  0.803577E+00  0.721617E+00  0.000000E+00  0.000000E+00  0.703283E-07  0.786260E+00
  0.190285E+03  0.691203E+00  0.614220E+00  0.000000E+00  0.000000E+00 -0.689501E-07  0.675242E+00
  0.205988E+03  0.594271E+00  0.521694E+00  0.000000E+00  0.000000E+00  0.120789E-06  0.579498E+00
  0.222987E+03  0.510675E+00  0.442037E+00  0.000000E+00  0.000000E+00  0.230493E-07  0.496949E+00
  0.241389E+03  0.438597E+00  0.373525E+00  0.000000E+00  0.000000E+00 -0.102320E-06  0.425802E+00
  0.261309E+03  0.376468E+00  0.314674E+00  0.000000E+00  0.000000E+00  0.225069E-07  0.364509E+00
  0.282874E+03  0.322930E+00  0.264199E+00  0.000000E+00  0.000000E+00 -0.156313E-07  0.311731E+00
  0.306218E+03  0.276815E+00  0.220998E+00  0.000000E+00  0.000000E+00  0.518534E-07  0.266315E+00
  0.331489E+03  0.237112E+00  0.184118E+00  0.000000E+00  0.000000E+00 -0.368627E-07  0.227266E+00
  0.358845E+03  0.202949E+00  0.152735E+00  0.000000E+00  0.000000E+00 -0.407120E-07  0.193724E+00
  0.388459E+03  0.173575E+00  0.126136E+00  0.000000E+00  0.000000E+00 -0.469514E-07  0.164946E+00
