  0.971146E-05  0.793522E+06  0.793522E+06  0.105801E+07  0.105801E+07  0.818917E+06  0.793649E+06
  0.107227E-04  0.793522E+06  0.793522E+06  0.105801E+07  0.105801E+07  0.818916E+06  0.793648E+06
  0.118393E-04  0.793521E+06  0.793521E+06  0.105800E+07  0.105800E+07  0.818914E+06  0.793648E+06
  0.130721E-04  0.793521E+06  0.793521E+06  0.105800E+07  0.105800E+07  0.818912E+06  0.793648E+06
  0.144334E-04  0.793521E+06  0.793521E+06  0.105799E+07  0.105799E+07  0.818910E+06  0.793648E+06
  0.159363E-04  0.793521E+06  0.793521E+06  0.105798E+07  0.105798E+07  0.818907E+06  0.793648E+06
  0.175958E-04  0.793521E+06  0.793521E+06  0.105797E+07  0.105797E+07  0.818904E+06  0.793648E+06
  0.194281E-04  0.793520E+06  0.793520E+06  0.105796E+07  0.105795E+07  0.818900E+06  0.793647E+06
  0.214511E-04  0.793520E+06  0.793520E+06  0.105794E+07  0.105794E+07  0.818895E+06  0.793647E+06
  0.236849E-04  0.793520E+06  0.793520E+06  0.105792E+07  0.105792E+07  0.818889E+06  0.793646E+06
  0.261512E-04  0.793519E+06  0.793519E+06  0.105790E+07  0.105789E+07  0.818881E+06  0.793646E+06
  0.288744E-04  0.793518E+06  0.793518E+06  0.105787E+07  0.105786E+07  0.818872E+06  0.793645E+06
  0.318811E-04  0.793518E+06  0.793518E+06  0.105783E+07  0.105783E+07  0.818861E+06  0.793644E+06
  0.352009E-04  0.793517E+06  0.793517E+06  0.105779E+07  0.105778E+07  0.818848E+06  0.793643E+06
  0.388664E-04  0.793516E+06  0.793515E+06  0.105774E+07  0.105773E+07  0.818832E+06  0.793642E+06
  0.429136E-04  0.793514E+06  0.793514E+06  0.105768E+07  0.105766E+07  0.818812E+06  0.793641E+06
  0.473823E-04  0.793512E+06  0.793512E+06  0.105760E+07  0.105758E+07  0.818788E+06  0.793639E+06
  0.523163E-04  0.793510E+06  0.793510E+06  0.105751E+07  0.105749E+07  0.818758E+06  0.793636E+06
  0.577640E-04  0.793508E+06  0.793507E+06  0.105739E+07  0.105737E+07  0.818722E+06  0.793634E+06
  0.637791E-04  0.793504E+06  0.793504E+06  0.105725E+07  0.105722E+07  0.818678E+06  0.793630E+06
  0.704205E-04  0.793501E+06  0.793500E+06  0.105708E+07  0.105705E+07  0.818625E+06  0.793626E+06
  0.777535E-04  0.793496E+06  0.793495E+06  0.105687E+07  0.105683E+07  0.818559E+06  0.793621E+06
  0.858500E-04  0.793490E+06  0.793489E+06  0.105662E+07  0.105657E+07  0.818480E+06  0.793615E+06
  0.947897E-04  0.793483E+06  0.793482E+06  0.105631E+07  0.105625E+07  0.818383E+06  0.793608E+06
  0.104660E-03  0.793475E+06  0.793473E+06  0.105593E+07  0.105586E+07  0.818265E+06  0.793598E+06
  0.115559E-03  0.793464E+06  0.793463E+06  0.105548E+07  0.105538E+07  0.818121E+06  0.793587E+06
  0.127592E-03  0.793452E+06  0.793450E+06  0.105492E+07  0.105480E+07  0.817945E+06  0.793574E+06
  0.140878E-03  0.793436E+06  0.793434E+06  0.105424E+07  0.105410E+07  0.817732E+06  0.793557E+06
  0.155548E-03  0.793418E+06  0.793415E+06  0.105341E+07  0.105324E+07  0.817471E+06  0.793537E+06
  0.171746E-03  0.793395E+06  0.793391E+06  0.105240E+07  0.105219E+07  0.817153E+06  0.793513E+06
  0.189630E-03  0.793367E+06  0.793363E+06  0.105117E+07  0.105092E+07  0.816766E+06  0.793483E+06
  0.209376E-03  0.793333E+06  0.793328E+06  0.104967E+07  0.104937E+07  0.816295E+06  0.793447E+06
  0.231179E-03  0.793291E+06  0.793285E+06  0.104784E+07  0.104748E+07  0.815721E+06  0.793402E+06
  0.255252E-03  0.793241E+06  0.793233E+06  0.104562E+07  0.104518E+07  0.815022E+06  0.793348E+06
  0.281831E-03  0.793179E+06  0.793170E+06  0.104292E+07  0.104238E+07  0.814170E+06  0.793283E+06
  0.311179E-03  0.793104E+06  0.793093E+06  0.103964E+07  0.103898E+07  0.813134E+06  0.793203E+06
  0.343582E-03  0.793013E+06  0.792999E+06  0.103565E+07  0.103485E+07  0.811872E+06  0.793105E+06
  0.379360E-03  0.792902E+06  0.792885E+06  0.103080E+07  0.102983E+07  0.810338E+06  0.792986E+06
  0.418863E-03  0.792766E+06  0.792746E+06  0.102492E+07  0.102375E+07  0.808473E+06  0.792842E+06
  0.462480E-03  0.792602E+06  0.792576E+06  0.101779E+07  0.101638E+07  0.806207E+06  0.792665E+06
  0.510638E-03  0.792401E+06  0.792370E+06  0.100916E+07  0.100745E+07  0.803456E+06  0.792451E+06
  0.563812E-03  0.792157E+06  0.792119E+06  0.998732E+06  0.996671E+06  0.800119E+06  0.792190E+06
  0.622522E-03  0.791860E+06  0.791814E+06  0.986147E+06  0.983672E+06  0.796075E+06  0.791873E+06
  0.687346E-03  0.791499E+06  0.791443E+06  0.970999E+06  0.968035E+06  0.791182E+06  0.791488E+06
  0.758921E-03  0.791060E+06  0.790993E+06  0.952817E+06  0.949282E+06  0.785271E+06  0.791020E+06
  0.837948E-03  0.790528E+06  0.790446E+06  0.931068E+06  0.926873E+06  0.778143E+06  0.790452E+06
  0.925205E-03  0.789882E+06  0.789782E+06  0.905163E+06  0.900214E+06  0.769571E+06  0.789764E+06
  0.102155E-02  0.789100E+06  0.788978E+06  0.874468E+06  0.868672E+06  0.759291E+06  0.788931E+06
  0.112792E-02  0.788154E+06  0.788005E+06  0.838327E+06  0.831603E+06  0.747007E+06  0.787924E+06
  0.124537E-02  0.787011E+06  0.786830E+06  0.796110E+06  0.788398E+06  0.732395E+06  0.786709E+06
  0.137506E-02  0.785634E+06  0.785414E+06  0.747272E+06  0.738553E+06  0.715105E+06  0.785245E+06
  0.151824E-02  0.783978E+06  0.783710E+06  0.691452E+06  0.681769E+06  0.694782E+06  0.783488E+06
  0.167634E-02  0.781992E+06  0.781665E+06  0.628602E+06  0.618090E+06  0.671084E+06  0.781384E+06
  0.185090E-02  0.779619E+06  0.779221E+06  0.559152E+06  0.548065E+06  0.643722E+06  0.778874E+06
  0.204364E-02  0.776794E+06  0.776310E+06  0.484201E+06  0.472936E+06  0.612506E+06  0.775893E+06
  0.225644E-02  0.773447E+06  0.772858E+06  0.405704E+06  0.394806E+06  0.577410E+06  0.772370E+06
  0.249141E-02  0.769504E+06  0.768787E+06  0.326604E+06  0.316731E+06  0.538651E+06  0.768232E+06
  0.275084E-02  0.764886E+06  0.764015E+06  0.250815E+06  0.242643E+06  0.496769E+06  0.763402E+06
  0.303729E-02  0.759516E+06  0.758459E+06  0.182929E+06  0.176977E+06  0.452694E+06  0.757809E+06
  0.335357E-02  0.753322E+06  0.752038E+06  0.127527E+06  0.123905E+06  0.407764E+06  0.751384E+06
  0.370278E-02  0.746237E+06  0.744679E+06  0.880419E+05  0.861918E+05  0.363667E+06  0.744068E+06
  0.408835E-02  0.738203E+06  0.736315E+06  0.653310E+05  0.639054E+05  0.322247E+06  0.735813E+06
  0.451408E-02  0.729174E+06  0.726888E+06  0.564978E+05  0.536275E+05  0.285167E+06  0.726578E+06
  0.498414E-02  0.719111E+06  0.716346E+06  0.549151E+05  0.490499E+05  0.253474E+06  0.716329E+06
  0.550314E-02  0.707999E+06  0.704659E+06  0.524254E+05  0.436010E+05  0.230622E+06  0.705064E+06
  0.607619E-02  0.695770E+06  0.691742E+06  0.436536E+05  0.343263E+05  0.208447E+06  0.692672E+06
  0.670891E-02  0.682396E+06  0.677546E+06  0.300219E+05  0.241136E+05  0.188252E+06  0.679128E+06
  0.740752E-02  0.667836E+06  0.662007E+06  0.189095E+05  0.186129E+05  0.167217E+06  0.664375E+06
  0.817888E-02  0.652035E+06  0.645046E+06  0.158403E+05  0.000000E+00  0.146656E+06  0.648360E+06
  0.903055E-02  0.634952E+06  0.626594E+06  0.167915E+05  0.000000E+00  0.126996E+06  0.631039E+06
  0.997092E-02  0.616549E+06  0.606585E+06  0.135049E+05  0.000000E+00  0.109085E+06  0.612375E+06
  0.110092E-01  0.596784E+06  0.584949E+06  0.774905E+04  0.000000E+00  0.936078E+05  0.592324E+06
  0.121556E-01  0.575618E+06  0.561622E+06  0.707429E+04  0.000000E+00  0.803352E+05  0.570842E+06
  0.134214E-01  0.553024E+06  0.536559E+06  0.682657E+04  0.000000E+00  0.680636E+05  0.547894E+06
  0.148190E-01  0.528985E+06  0.509740E+06  0.371366E+04  0.000000E+00  0.560963E+05  0.523458E+06
  0.163621E-01  0.504086E+06  0.481764E+06  0.398030E+04  0.000000E+00  0.462808E+05  0.498129E+06
  0.180659E-01  0.477341E+06  0.451692E+06  0.248517E+04  0.000000E+00  0.385561E+05  0.470932E+06
  0.199471E-01  0.449325E+06  0.420187E+06  0.232663E+04  0.000000E+00  0.311048E+05  0.442446E+06
  0.220242E-01  0.419793E+06  0.387150E+06  0.137989E+04  0.000000E+00  0.251693E+05  0.412455E+06
  0.243176E-01  0.389786E+06  0.353838E+06  0.138958E+04  0.000000E+00  0.200535E+05  0.382030E+06
  0.268499E-01  0.359625E+06  0.320861E+06  0.945278E+03  0.000000E+00  0.158200E+05  0.351535E+06
  0.296458E-01  0.329390E+06  0.288660E+06  0.601999E+03  0.000000E+00  0.123936E+05  0.321111E+06
  0.327328E-01  0.299848E+06  0.258403E+06  0.448348E+03  0.000000E+00  0.960227E+04  0.291586E+06
  0.361414E-01  0.272008E+06  0.231475E+06  0.358279E+03  0.000000E+00  0.739821E+04  0.264024E+06
  0.399048E-01  0.246508E+06  0.208763E+06  0.283955E+03  0.000000E+00  0.562667E+04  0.239101E+06
  0.438953E-01  0.224636E+06  0.191314E+06  0.000000E+00  0.000000E+00  0.434775E+04  0.218058E+06
  0.478858E-01  0.207314E+06  0.179193E+06  0.000000E+00  0.000000E+00  0.345603E+04  0.201673E+06
  0.518762E-01  0.193186E+06  0.170283E+06  0.000000E+00  0.000000E+00  0.279995E+04  0.188470E+06
  0.558667E-01  0.181240E+06  0.162931E+06  0.000000E+00  0.000000E+00  0.232067E+04  0.177336E+06
  0.598572E-01  0.170707E+06  0.155925E+06  0.000000E+00  0.000000E+00  0.197912E+04  0.167434E+06
  0.638477E-01  0.160893E+06  0.148361E+06  0.000000E+00  0.000000E+00  0.160639E+04  0.158037E+06
  0.678382E-01  0.151342E+06  0.139810E+06  0.000000E+00  0.000000E+00  0.139714E+04  0.148697E+06
  0.718286E-01  0.142117E+06  0.130550E+06  0.000000E+00  0.000000E+00  0.117127E+04  0.139511E+06
  0.758191E-01  0.132898E+06  0.120612E+06  0.000000E+00  0.000000E+00  0.988717E+03  0.130219E+06
  0.798096E-01  0.124080E+06  0.110787E+06  0.000000E+00  0.000000E+00  0.837625E+03  0.121279E+06
  0.838001E-01  0.115864E+06  0.101648E+06  0.000000E+00  0.000000E+00  0.709945E+03  0.112952E+06
  0.887890E-01  0.106694E+06  0.918693E+05  0.000000E+00  0.000000E+00  0.586435E+03  0.103727E+06
  0.937778E-01  0.989755E+05  0.844126E+05  0.000000E+00  0.000000E+00  0.490206E+03  0.960896E+05
  0.987667E-01  0.927806E+05  0.793371E+05  0.000000E+00  0.000000E+00  0.418322E+03  0.901094E+05
  0.103756E+00  0.878915E+05  0.761643E+05  0.000000E+00  0.000000E+00  0.360466E+03  0.855265E+05
  0.108744E+00  0.838922E+05  0.740845E+05  0.000000E+00  0.000000E+00  0.315659E+03  0.818624E+05
  0.113733E+00  0.803394E+05  0.722578E+05  0.000000E+00  0.000000E+00  0.279403E+03  0.786109E+05
  0.118722E+00  0.768920E+05  0.700516E+05  0.000000E+00  0.000000E+00  0.246744E+03  0.753846E+05
  0.123711E+00  0.733514E+05  0.671417E+05  0.000000E+00  0.000000E+00  0.217768E+03  0.719652E+05
  0.128700E+00  0.696639E+05  0.635206E+05  0.000000E+00  0.000000E+00  0.191642E+03  0.683069E+05
  0.133689E+00  0.658950E+05  0.594320E+05  0.000000E+00  0.000000E+00  0.168382E+03  0.645042E+05
  0.138678E+00  0.621848E+05  0.552584E+05  0.000000E+00  0.000000E+00  0.147277E+03  0.607363E+05
  0.143667E+00  0.587091E+05  0.514085E+05  0.000000E+00  0.000000E+00  0.129394E+03  0.572164E+05
  0.148655E+00  0.556307E+05  0.482104E+05  0.000000E+00  0.000000E+00  0.115073E+03  0.541336E+05
  0.153644E+00  0.530335E+05  0.458145E+05  0.000000E+00  0.000000E+00  0.102935E+03  0.515824E+05
  0.158633E+00  0.508891E+05  0.441592E+05  0.000000E+00  0.000000E+00  0.927130E+02  0.495290E+05
  0.163622E+00  0.490932E+05  0.430329E+05  0.000000E+00  0.000000E+00  0.841649E+02  0.478521E+05
  0.168611E+00  0.475219E+05  0.421711E+05  0.000000E+00  0.000000E+00  0.771625E+02  0.464053E+05
  0.173600E+00  0.460535E+05  0.413201E+05  0.000000E+00  0.000000E+00  0.707793E+02  0.450457E+05
  0.178589E+00  0.445772E+05  0.402786E+05  0.000000E+00  0.000000E+00  0.646315E+02  0.436481E+05
  0.183578E+00  0.430239E+05  0.389451E+05  0.000000E+00  0.000000E+00  0.592921E+02  0.421388E+05
  0.188566E+00  0.413921E+05  0.373425E+05  0.000000E+00  0.000000E+00  0.543172E+02  0.405198E+05
  0.193555E+00  0.397314E+05  0.355874E+05  0.000000E+00  0.000000E+00  0.493209E+02  0.388519E+05
  0.198544E+00  0.381057E+05  0.338284E+05  0.000000E+00  0.000000E+00  0.446561E+02  0.372124E+05
  0.203533E+00  0.365742E+05  0.322029E+05  0.000000E+00  0.000000E+00  0.408726E+02  0.356731E+05
  0.208522E+00  0.351853E+05  0.308132E+05  0.000000E+00  0.000000E+00  0.376085E+02  0.342910E+05
  0.213511E+00  0.339655E+05  0.297053E+05  0.000000E+00  0.000000E+00  0.345651E+02  0.330957E+05
  0.218500E+00  0.329088E+05  0.288592E+05  0.000000E+00  0.000000E+00  0.319459E+02  0.320788E+05
  0.223489E+00  0.319815E+05  0.282033E+05  0.000000E+00  0.000000E+00  0.298300E+02  0.312008E+05
  0.228478E+00  0.311377E+05  0.276427E+05  0.000000E+00  0.000000E+00  0.278318E+02  0.304078E+05
  0.233466E+00  0.303310E+05  0.270860E+05  0.000000E+00  0.000000E+00  0.258961E+02  0.296462E+05
  0.238455E+00  0.295234E+05  0.264641E+05  0.000000E+00  0.000000E+00  0.242587E+02  0.288731E+05
  0.243444E+00  0.286943E+05  0.257455E+05  0.000000E+00  0.000000E+00  0.227482E+02  0.280663E+05
  0.248433E+00  0.278440E+05  0.249388E+05  0.000000E+00  0.000000E+00  0.211639E+02  0.272274E+05
  0.253422E+00  0.269883E+05  0.240823E+05  0.000000E+00  0.000000E+00  0.196179E+02  0.263759E+05
  0.258411E+00  0.261491E+05  0.232268E+05  0.000000E+00  0.000000E+00  0.183067E+02  0.255381E+05
  0.263400E+00  0.253483E+05  0.224213E+05  0.000000E+00  0.000000E+00  0.171351E+02  0.247406E+05
  0.268389E+00  0.246039E+05  0.217026E+05  0.000000E+00  0.000000E+00  0.159675E+02  0.240042E+05
  0.273377E+00  0.239253E+05  0.210874E+05  0.000000E+00  0.000000E+00  0.149690E+02  0.233394E+05
  0.278366E+00  0.233104E+05  0.205698E+05  0.000000E+00  0.000000E+00  0.141171E+02  0.227435E+05
  0.283355E+00  0.227479E+05  0.201261E+05  0.000000E+00  0.000000E+00  0.133339E+02  0.222033E+05
  0.288344E+00  0.222220E+05  0.197241E+05  0.000000E+00  0.000000E+00  0.125317E+02  0.217004E+05
  0.293333E+00  0.217168E+05  0.193323E+05  0.000000E+00  0.000000E+00  0.118218E+02  0.212164E+05
  0.298322E+00  0.212190E+05  0.189263E+05  0.000000E+00  0.000000E+00  0.112416E+02  0.207362E+05
  0.303311E+00  0.207205E+05  0.184936E+05  0.000000E+00  0.000000E+00  0.106402E+02  0.202510E+05
  0.308300E+00  0.202199E+05  0.180347E+05  0.000000E+00  0.000000E+00  0.100238E+02  0.197597E+05
  0.313288E+00  0.197215E+05  0.175610E+05  0.000000E+00  0.000000E+00  0.943142E+01  0.192679E+05
  0.318277E+00  0.192330E+05  0.170897E+05  0.000000E+00  0.000000E+00  0.892194E+01  0.187846E+05
  0.323266E+00  0.187621E+05  0.166379E+05  0.000000E+00  0.000000E+00  0.844007E+01  0.183192E+05
  0.328255E+00  0.183151E+05  0.162188E+05  0.000000E+00  0.000000E+00  0.796152E+01  0.178791E+05
  0.333244E+00  0.178951E+05  0.158385E+05  0.000000E+00  0.000000E+00  0.757146E+01  0.174676E+05
  0.338233E+00  0.175017E+05  0.154961E+05  0.000000E+00  0.000000E+00  0.720875E+01  0.170846E+05
  0.343222E+00  0.171317E+05  0.151848E+05  0.000000E+00  0.000000E+00  0.683217E+01  0.167261E+05
  0.348211E+00  0.167800E+05  0.148941E+05  0.000000E+00  0.000000E+00  0.647955E+01  0.163862E+05
  0.353199E+00  0.164412E+05  0.146135E+05  0.000000E+00  0.000000E+00  0.619007E+01  0.160587E+05
  0.358188E+00  0.161105E+05  0.143338E+05  0.000000E+00  0.000000E+00  0.593452E+01  0.157380E+05
  0.363177E+00  0.157844E+05  0.140498E+05  0.000000E+00  0.000000E+00  0.563717E+01  0.154204E+05
  0.368166E+00  0.154616E+05  0.137603E+05  0.000000E+00  0.000000E+00  0.535936E+01  0.151047E+05
  0.373155E+00  0.151429E+05  0.134681E+05  0.000000E+00  0.000000E+00  0.512581E+01  0.147920E+05
  0.378144E+00  0.148310E+05  0.131789E+05  0.000000E+00  0.000000E+00  0.488442E+01  0.144853E+05
  0.383133E+00  0.145283E+05  0.128983E+05  0.000000E+00  0.000000E+00  0.463935E+01  0.141878E+05
  0.388122E+00  0.142365E+05  0.126306E+05  0.000000E+00  0.000000E+00  0.442810E+01  0.139014E+05
  0.393110E+00  0.139567E+05  0.123782E+05  0.000000E+00  0.000000E+00  0.426179E+01  0.136275E+05
  0.398099E+00  0.136894E+05  0.121417E+05  0.000000E+00  0.000000E+00  0.408412E+01  0.133666E+05
  0.403088E+00  0.134338E+05  0.119195E+05  0.000000E+00  0.000000E+00  0.388402E+01  0.131178E+05
  0.408077E+00  0.131882E+05  0.117082E+05  0.000000E+00  0.000000E+00  0.372088E+01  0.128791E+05
  0.413066E+00  0.129504E+05  0.115040E+05  0.000000E+00  0.000000E+00  0.358319E+01  0.126480E+05
  0.418055E+00  0.127188E+05  0.113036E+05  0.000000E+00  0.000000E+00  0.344452E+01  0.124226E+05
  0.423044E+00  0.124921E+05  0.111052E+05  0.000000E+00  0.000000E+00  0.329762E+01  0.122018E+05
  0.428033E+00  0.122698E+05  0.109078E+05  0.000000E+00  0.000000E+00  0.316583E+01  0.119846E+05
  0.433021E+00  0.120515E+05  0.107116E+05  0.000000E+00  0.000000E+00  0.304624E+01  0.117710E+05
  0.438010E+00  0.118376E+05  0.105180E+05  0.000000E+00  0.000000E+00  0.290942E+01  0.115615E+05
  0.442999E+00  0.116290E+05  0.103287E+05  0.000000E+00  0.000000E+00  0.278282E+01  0.113572E+05
  0.447988E+00  0.114265E+05  0.101457E+05  0.000000E+00  0.000000E+00  0.268918E+01  0.111589E+05
  0.452977E+00  0.112304E+05  0.996966E+04  0.000000E+00  0.000000E+00  0.259548E+01  0.109671E+05
  0.457966E+00  0.110407E+05  0.980086E+04  0.000000E+00  0.000000E+00  0.248378E+01  0.107817E+05
  0.462955E+00  0.108570E+05  0.963883E+04  0.000000E+00  0.000000E+00  0.238020E+01  0.106026E+05
  0.467944E+00  0.106791E+05  0.948278E+04  0.000000E+00  0.000000E+00  0.230579E+01  0.104291E+05
  0.472932E+00  0.105064E+05  0.933164E+04  0.000000E+00  0.000000E+00  0.222479E+01  0.102608E+05
  0.477921E+00  0.103381E+05  0.918417E+04  0.000000E+00  0.000000E+00  0.213005E+01  0.100968E+05
  0.482910E+00  0.101736E+05  0.903934E+04  0.000000E+00  0.000000E+00  0.205680E+01  0.993634E+04
  0.487899E+00  0.100125E+05  0.889661E+04  0.000000E+00  0.000000E+00  0.199673E+01  0.977902E+04
  0.492888E+00  0.985465E+04  0.875602E+04  0.000000E+00  0.000000E+00  0.191704E+01  0.962483E+04
  0.497877E+00  0.970026E+04  0.861793E+04  0.000000E+00  0.000000E+00  0.183193E+01  0.947389E+04
  0.502866E+00  0.954937E+04  0.848269E+04  0.000000E+00  0.000000E+00  0.177285E+01  0.932633E+04
  0.507855E+00  0.940203E+04  0.835070E+04  0.000000E+00  0.000000E+00  0.172372E+01  0.918225E+04
  0.512843E+00  0.925840E+04  0.822233E+04  0.000000E+00  0.000000E+00  0.165980E+01  0.904184E+04
  0.517832E+00  0.911858E+04  0.809783E+04  0.000000E+00  0.000000E+00  0.159732E+01  0.890524E+04
  0.522821E+00  0.898251E+04  0.797713E+04  0.000000E+00  0.000000E+00  0.154943E+01  0.877237E+04
  0.527810E+00  0.884991E+04  0.785986E+04  0.000000E+00  0.000000E+00  0.149935E+01  0.864296E+04
  0.532799E+00  0.872053E+04  0.774561E+04  0.000000E+00  0.000000E+00  0.144562E+01  0.851671E+04
  0.537788E+00  0.859418E+04  0.763406E+04  0.000000E+00  0.000000E+00  0.140227E+01  0.839343E+04
  0.542777E+00  0.847072E+04  0.752492E+04  0.000000E+00  0.000000E+00  0.136550E+01  0.827293E+04
  0.547766E+00  0.834988E+04  0.741787E+04  0.000000E+00  0.000000E+00  0.131957E+01  0.815497E+04
  0.552755E+00  0.823148E+04  0.731271E+04  0.000000E+00  0.000000E+00  0.126898E+01  0.803933E+04
  0.557743E+00  0.811545E+04  0.720943E+04  0.000000E+00  0.000000E+00  0.122785E+01  0.792598E+04
  0.562732E+00  0.800189E+04  0.710822E+04  0.000000E+00  0.000000E+00  0.119525E+01  0.781501E+04
  0.567721E+00  0.789083E+04  0.700923E+04  0.000000E+00  0.000000E+00  0.115869E+01  0.770649E+04
  0.572710E+00  0.778221E+04  0.691245E+04  0.000000E+00  0.000000E+00  0.111979E+01  0.760036E+04
  0.577699E+00  0.767593E+04  0.681788E+04  0.000000E+00  0.000000E+00  0.108631E+01  0.749654E+04
  0.582688E+00  0.757200E+04  0.672554E+04  0.000000E+00  0.000000E+00  0.105727E+01  0.739504E+04
  0.630774E+00  0.667601E+04  0.593030E+04  0.000000E+00  0.000000E+00  0.800371E+00  0.652008E+04
  0.682829E+00  0.588107E+04  0.522432E+04  0.000000E+00  0.000000E+00  0.595519E+00  0.574373E+04
  0.739179E+00  0.517679E+04  0.459873E+04  0.000000E+00  0.000000E+00  0.447364E+00  0.505591E+04
  0.800180E+00  0.455345E+04  0.404504E+04  0.000000E+00  0.000000E+00  0.337014E+00  0.444713E+04
  0.866215E+00  0.400232E+04  0.355549E+04  0.000000E+00  0.000000E+00  0.252835E+00  0.390887E+04
  0.937699E+00  0.351554E+04  0.312311E+04  0.000000E+00  0.000000E+00  0.187864E+00  0.343347E+04
  0.101508E+01  0.308590E+04  0.274146E+04  0.000000E+00  0.000000E+00  0.141662E+00  0.301386E+04
  0.109885E+01  0.270702E+04  0.240490E+04  0.000000E+00  0.000000E+00  0.106536E+00  0.264384E+04
  0.118953E+01  0.237325E+04  0.210840E+04  0.000000E+00  0.000000E+00  0.787868E-01  0.231786E+04
  0.128770E+01  0.207938E+04  0.184735E+04  0.000000E+00  0.000000E+00  0.598087E-01  0.203085E+04
  0.139397E+01  0.182086E+04  0.161769E+04  0.000000E+00  0.000000E+00  0.606877E-01  0.177837E+04
  0.150901E+01  0.159360E+04  0.141580E+04  0.000000E+00  0.000000E+00  0.455506E-01  0.155641E+04
  0.163354E+01  0.139398E+04  0.123846E+04  0.000000E+00  0.000000E+00  0.342040E-01  0.136145E+04
  0.176834E+01  0.121872E+04  0.108276E+04  0.000000E+00  0.000000E+00  0.257057E-01  0.119029E+04
  0.191428E+01  0.106498E+04  0.946177E+03  0.000000E+00  0.000000E+00  0.185913E-01  0.104013E+04
  0.207225E+01  0.930191E+03  0.826426E+03  0.000000E+00  0.000000E+00  0.138151E-01  0.908487E+03
  0.224326E+01  0.812079E+03  0.721493E+03  0.000000E+00  0.000000E+00  0.102222E-01  0.793131E+03
  0.242839E+01  0.708651E+03  0.629604E+03  0.000000E+00  0.000000E+00  0.763874E-02  0.692117E+03
  0.262879E+01  0.618129E+03  0.549182E+03  0.000000E+00  0.000000E+00  0.592302E-02  0.603707E+03
  0.284573E+01  0.538942E+03  0.478829E+03  0.000000E+00  0.000000E+00  0.427552E-02  0.526368E+03
  0.308058E+01  0.469711E+03  0.417320E+03  0.000000E+00  0.000000E+00  0.321591E-02  0.458752E+03
  0.333480E+01  0.409212E+03  0.363569E+03  0.000000E+00  0.000000E+00  0.232091E-02  0.399665E+03
  0.361001E+01  0.356372E+03  0.316623E+03  0.000000E+00  0.000000E+00  0.172942E-02  0.348057E+03
  0.390792E+01  0.310240E+03  0.275636E+03  0.000000E+00  0.000000E+00  0.124629E-02  0.303001E+03
  0.423042E+01  0.269984E+03  0.239870E+03  0.000000E+00  0.000000E+00  0.906604E-03  0.263685E+03
  0.457954E+01  0.234870E+03  0.208672E+03  0.000000E+00  0.000000E+00  0.722886E-03  0.229390E+03
  0.495746E+01  0.204256E+03  0.181471E+03  0.000000E+00  0.000000E+00  0.491282E-03  0.199490E+03
  0.536658E+01  0.177573E+03  0.157764E+03  0.000000E+00  0.000000E+00  0.390097E-03  0.173430E+03
  0.580945E+01  0.154329E+03  0.137111E+03  0.000000E+00  0.000000E+00  0.361993E-03  0.150727E+03
  0.628888E+01  0.134085E+03  0.119124E+03  0.000000E+00  0.000000E+00  0.228373E-03  0.130956E+03
  0.680787E+01  0.116463E+03  0.103467E+03  0.000000E+00  0.000000E+00  0.166654E-03  0.113745E+03
  0.736969E+01  0.101128E+03  0.898414E+02  0.000000E+00  0.000000E+00  0.107484E-03  0.987671E+02
  0.797787E+01  0.877870E+02  0.779879E+02  0.000000E+00  0.000000E+00  0.623273E-04  0.857376E+02
  0.863624E+01  0.761857E+02  0.676798E+02  0.000000E+00  0.000000E+00  0.337917E-04  0.744069E+02
  0.934895E+01  0.661001E+02  0.587184E+02  0.000000E+00  0.000000E+00  0.327827E-04  0.645564E+02
  0.101205E+02  0.573349E+02  0.509301E+02  0.000000E+00  0.000000E+00  0.174566E-04  0.559956E+02
  0.109557E+02  0.497196E+02  0.441635E+02  0.000000E+00  0.000000E+00  0.449620E-04  0.485579E+02
  0.118598E+02  0.431052E+02  0.382863E+02  0.000000E+00  0.000000E+00  0.202202E-04  0.420977E+02
  0.128385E+02  0.373620E+02  0.331831E+02  0.000000E+00  0.000000E+00  0.143464E-04  0.364884E+02
  0.138980E+02  0.323766E+02  0.287532E+02  0.000000E+00  0.000000E+00  0.146670E-04  0.316192E+02
  0.150449E+02  0.280501E+02  0.249087E+02  0.000000E+00  0.000000E+00  0.186200E-04  0.273936E+02
  0.162865E+02  0.242965E+02  0.215732E+02  0.000000E+00  0.000000E+00 -0.581402E-05  0.237274E+02
  0.176306E+02  0.210406E+02  0.186801E+02  0.000000E+00  0.000000E+00  0.706647E-05  0.205475E+02
  0.190855E+02  0.182173E+02  0.161712E+02  0.000000E+00  0.000000E+00 -0.572212E-05  0.177900E+02
  0.206606E+02  0.157697E+02  0.139962E+02  0.000000E+00  0.000000E+00  0.121298E-04  0.153994E+02
  0.223656E+02  0.136482E+02  0.121109E+02  0.000000E+00  0.000000E+00  0.360144E-05  0.133273E+02
  0.242113E+02  0.118098E+02  0.104771E+02  0.000000E+00  0.000000E+00  0.834292E-05  0.115317E+02
  0.262093E+02  0.102171E+02  0.906174E+01  0.000000E+00  0.000000E+00 -0.612085E-05  0.997611E+01
  0.283722E+02  0.883753E+01  0.783572E+01  0.000000E+00  0.000000E+00 -0.303522E-05  0.862870E+01
  0.307137E+02  0.764288E+01  0.677398E+01  0.000000E+00  0.000000E+00 -0.554324E-05  0.746186E+01
  0.332483E+02  0.660853E+01  0.585469E+01  0.000000E+00  0.000000E+00 -0.309548E-05  0.645160E+01
  0.359921E+02  0.571317E+01  0.505888E+01  0.000000E+00  0.000000E+00  0.155996E-05  0.557707E+01
  0.389624E+02  0.493827E+01  0.437011E+01  0.000000E+00  0.000000E+00 -0.119422E-05  0.482020E+01
  0.421777E+02  0.426774E+01  0.377409E+01  0.000000E+00  0.000000E+00  0.204020E-05  0.416527E+01
  0.456584E+02  0.368764E+01  0.325842E+01  0.000000E+00  0.000000E+00  0.189283E-05  0.359866E+01
  0.494264E+02  0.318586E+01  0.281234E+01  0.000000E+00  0.000000E+00  0.181970E-05  0.310855E+01
  0.535053E+02  0.275191E+01  0.242653E+01  0.000000E+00  0.000000E+00 -0.182081E-05  0.268468E+01
  0.579208E+02  0.237668E+01  0.209290E+01  0.000000E+00  0.000000E+00  0.284295E-06  0.231816E+01
  0.627007E+02  0.205227E+01  0.180444E+01  0.000000E+00  0.000000E+00 -0.570650E-06  0.200128E+01
  0.678751E+02  0.177186E+01  0.155507E+01  0.000000E+00  0.000000E+00  0.653520E-06  0.172737E+01
  0.734765E+02  0.152950E+01  0.133952E+01  0.000000E+00  0.000000E+00  0.621769E-07  0.149063E+01
  0.795402E+02  0.132008E+01  0.115324E+01  0.000000E+00  0.000000E+00 -0.116843E-05  0.128606E+01
  0.861042E+02  0.113914E+01  0.992276E+00  0.000000E+00  0.000000E+00 -0.994772E-06  0.110930E+01
  0.932099E+02  0.982824E+00  0.853205E+00  0.000000E+00  0.000000E+00 -0.439472E-06  0.956607E+00
  0.100902E+03  0.847811E+00  0.733069E+00  0.000000E+00  0.000000E+00  0.649578E-06  0.824714E+00
  0.109229E+03  0.731211E+00  0.629306E+00  0.000000E+00  0.000000E+00  0.250315E-06  0.710807E+00
  0.118243E+03  0.630526E+00  0.539698E+00  0.000000E+00  0.000000E+00  0.343584E-07  0.612445E+00
  0.128001E+03  0.543596E+00  0.462328E+00  0.000000E+00  0.000000E+00  0.560859E-07  0.527522E+00
  0.138564E+03  0.468552E+00  0.395538E+00  0.000000E+00  0.000000E+00  0.143982E-06  0.454210E+00
  0.149999E+03  0.403778E+00  0.337895E+00  0.000000E+00  0.000000E+00  0.275362E-06  0.390931E+00
  0.162378E+03  0.347875E+00  0.288160E+00  0.000000E+00  0.000000E+00  0.368009E-06  0.336321E+00
  0.175778E+03  0.299635E+00  0.245264E+00  0.000000E+00  0.000000E+00 -0.755488E-08  0.289201E+00
  0.190285E+03  0.258014E+00  0.208282E+00  0.000000E+00  0.000000E+00  0.811532E-07  0.248550E+00
  0.205988E+03  0.222108E+00  0.176418E+00  0.000000E+00  0.000000E+00 -0.418585E-07  0.213488E+00
  0.222987E+03  0.191137E+00  0.148983E+00  0.000000E+00  0.000000E+00  0.164963E-06  0.183254E+00
  0.241389E+03  0.164428E+00  0.125386E+00  0.000000E+00  0.000000E+00 -0.537193E-07  0.157189E+00
  0.261309E+03  0.141397E+00  0.105116E+00  0.000000E+00  0.000000E+00 -0.129470E-06  0.134727E+00
  0.282874E+03  0.121543E+00  0.877328E-01  0.000000E+00  0.000000E+00 -0.774219E-07  0.115379E+00
  0.306218E+03  0.104431E+00  0.728583E-01  0.000000E+00  0.000000E+00  0.715680E-07  0.987197E-01
  0.331489E+03  0.896863E-01  0.601667E-01  0.000000E+00  0.000000E+00  0.254282E-08  0.843862E-01
  0.358845E+03  0.769854E-01  0.493771E-01  0.000000E+00  0.000000E+00  0.234442E-07  0.720629E-01
  0.388459E+03  0.660493E-01  0.402472E-01  0.000000E+00  0.000000E+00  0.549106E-07  0.614784E-01
