  0.971146E-05  0.165206E+07  0.165206E+07  0.220267E+07  0.220267E+07  0.166627E+07  0.165213E+07
  0.107227E-04  0.165206E+07  0.165206E+07  0.220265E+07  0.220265E+07  0.166626E+07  0.165213E+07
  0.118393E-04  0.165206E+07  0.165206E+07  0.220263E+07  0.220263E+07  0.166626E+07  0.165213E+07
  0.130721E-04  0.165206E+07  0.165206E+07  0.220261E+07  0.220260E+07  0.166626E+07  0.165213E+07
  0.144334E-04  0.165206E+07  0.165206E+07  0.220257E+07  0.220257E+07  0.166625E+07  0.165213E+07
  0.159363E-04  0.165206E+07  0.165206E+07  0.220253E+07  0.220253E+07  0.166625E+07  0.165213E+07
  0.175958E-04  0.165206E+07  0.165206E+07  0.220248E+07  0.220248E+07  0.166624E+07  0.165213E+07
  0.194281E-04  0.165206E+07  0.165206E+07  0.220242E+07  0.220242E+07  0.166623E+07  0.165213E+07
  0.214511E-04  0.165206E+07  0.165206E+07  0.220235E+07  0.220234E+07  0.166622E+07  0.165213E+07
  0.236849E-04  0.165206E+07  0.165206E+07  0.220226E+07  0.220225E+07  0.166621E+07  0.165213E+07
  0.261512E-04  0.165206E+07  0.165206E+07  0.220216E+07  0.220214E+07  0.166619E+07  0.165213E+07
  0.288744E-04  0.165206E+07  0.165206E+07  0.220202E+07  0.220201E+07  0.166617E+07  0.165212E+07
  0.318811E-04  0.165205E+07  0.165205E+07  0.220186E+07  0.220185E+07  0.166615E+07  0.165212E+07
  0.352009E-04  0.165205E+07  0.165205E+07  0.220167E+07  0.220165E+07  0.166612E+07  0.165212E+07
  0.388664E-04  0.165205E+07  0.165205E+07  0.220143E+07  0.220141E+07  0.166609E+07  0.165212E+07
  0.429136E-04  0.165204E+07  0.165204E+07  0.220114E+07  0.220111E+07  0.166605E+07  0.165211E+07
  0.473823E-04  0.165204E+07  0.165204E+07  0.220079E+07  0.220075E+07  0.166600E+07  0.165211E+07
  0.523163E-04  0.165203E+07  0.165203E+07  0.220036E+07  0.220032E+07  0.166593E+07  0.165210E+07
  0.577640E-04  0.165203E+07  0.165202E+07  0.219983E+07  0.219978E+07  0.166586E+07  0.165209E+07
  0.637791E-04  0.165202E+07  0.165202E+07  0.219919E+07  0.219913E+07  0.166577E+07  0.165208E+07
  0.704205E-04  0.165201E+07  0.165200E+07  0.219841E+07  0.219834E+07  0.166565E+07  0.165207E+07
  0.777535E-04  0.165199E+07  0.165199E+07  0.219746E+07  0.219737E+07  0.166552E+07  0.165206E+07
  0.858500E-04  0.165198E+07  0.165198E+07  0.219631E+07  0.219619E+07  0.166535E+07  0.165204E+07
  0.947897E-04  0.165196E+07  0.165196E+07  0.219490E+07  0.219476E+07  0.166515E+07  0.165202E+07
  0.104660E-03  0.165193E+07  0.165193E+07  0.219318E+07  0.219301E+07  0.166490E+07  0.165199E+07
  0.115559E-03  0.165190E+07  0.165190E+07  0.219108E+07  0.219088E+07  0.166460E+07  0.165196E+07
  0.127592E-03  0.165187E+07  0.165187E+07  0.218854E+07  0.218828E+07  0.166423E+07  0.165193E+07
  0.140878E-03  0.165182E+07  0.165182E+07  0.218543E+07  0.218512E+07  0.166379E+07  0.165188E+07
  0.155548E-03  0.165177E+07  0.165177E+07  0.218165E+07  0.218128E+07  0.166324E+07  0.165183E+07
  0.171746E-03  0.165171E+07  0.165170E+07  0.217705E+07  0.217660E+07  0.166258E+07  0.165176E+07
  0.189630E-03  0.165163E+07  0.165162E+07  0.217146E+07  0.217090E+07  0.166177E+07  0.165168E+07
  0.209376E-03  0.165153E+07  0.165153E+07  0.216466E+07  0.216398E+07  0.166078E+07  0.165158E+07
  0.231179E-03  0.165142E+07  0.165141E+07  0.215639E+07  0.215557E+07  0.165958E+07  0.165145E+07
  0.255252E-03  0.165127E+07  0.165126E+07  0.214635E+07  0.214536E+07  0.165812E+07  0.165130E+07
  0.281831E-03  0.165110E+07  0.165109E+07  0.213417E+07  0.213297E+07  0.165635E+07  0.165112E+07
  0.311179E-03  0.165089E+07  0.165088E+07  0.211941E+07  0.211795E+07  0.165418E+07  0.165090E+07
  0.343582E-03  0.165063E+07  0.165062E+07  0.210154E+07  0.209978E+07  0.165156E+07  0.165063E+07
  0.379360E-03  0.165032E+07  0.165030E+07  0.207994E+07  0.207782E+07  0.164836E+07  0.165031E+07
  0.418863E-03  0.164994E+07  0.164992E+07  0.205389E+07  0.205135E+07  0.164448E+07  0.164991E+07
  0.462480E-03  0.164948E+07  0.164945E+07  0.202253E+07  0.201949E+07  0.163977E+07  0.164942E+07
  0.510638E-03  0.164891E+07  0.164888E+07  0.198491E+07  0.198128E+07  0.163407E+07  0.164884E+07
  0.563812E-03  0.164823E+07  0.164819E+07  0.193991E+07  0.193560E+07  0.162716E+07  0.164812E+07
  0.622522E-03  0.164740E+07  0.164735E+07  0.188633E+07  0.188125E+07  0.161881E+07  0.164726E+07
  0.687346E-03  0.164640E+07  0.164634E+07  0.182287E+07  0.181692E+07  0.160873E+07  0.164621E+07
  0.758921E-03  0.164518E+07  0.164511E+07  0.174818E+07  0.174128E+07  0.159660E+07  0.164494E+07
  0.837948E-03  0.164371E+07  0.164362E+07  0.166099E+07  0.165307E+07  0.158204E+07  0.164340E+07
  0.925205E-03  0.164194E+07  0.164183E+07  0.156018E+07  0.155122E+07  0.156461E+07  0.164155E+07
  0.102155E-02  0.163980E+07  0.163967E+07  0.144505E+07  0.143510E+07  0.154384E+07  0.163932E+07
  0.112792E-02  0.163723E+07  0.163707E+07  0.131555E+07  0.130473E+07  0.151921E+07  0.163664E+07
  0.124537E-02  0.163416E+07  0.163396E+07  0.117260E+07  0.116116E+07  0.149011E+07  0.163343E+07
  0.137506E-02  0.163048E+07  0.163024E+07  0.101853E+07  0.100685E+07  0.145608E+07  0.162961E+07
  0.151824E-02  0.162612E+07  0.162583E+07  0.857391E+06  0.845984E+06  0.141666E+07  0.162506E+07
  0.167634E-02  0.162095E+07  0.162060E+07  0.695257E+06  0.684728E+06  0.137143E+07  0.161969E+07
  0.185090E-02  0.161487E+07  0.161444E+07  0.540110E+06  0.531050E+06  0.132017E+07  0.161338E+07
  0.204364E-02  0.160776E+07  0.160723E+07  0.401215E+06  0.394018E+06  0.126297E+07  0.160601E+07
  0.225644E-02  0.159949E+07  0.159885E+07  0.287664E+06  0.282276E+06  0.120028E+07  0.159746E+07
  0.249141E-02  0.158995E+07  0.158918E+07  0.206034E+06  0.201728E+06  0.113302E+07  0.158763E+07
  0.275084E-02  0.157903E+07  0.157809E+07  0.157569E+06  0.152902E+06  0.106262E+07  0.157639E+07
  0.303729E-02  0.156662E+07  0.156548E+07  0.136015E+06  0.129217E+06  0.990933E+06  0.156367E+07
  0.335357E-02  0.155262E+07  0.155124E+07  0.128053E+06  0.117999E+06  0.920052E+06  0.154935E+07
  0.370278E-02  0.153693E+07  0.153525E+07  0.118097E+06  0.105595E+06  0.851960E+06  0.153336E+07
  0.408835E-02  0.151945E+07  0.151742E+07  0.968949E+05  0.852685E+05  0.788091E+06  0.151560E+07
  0.451408E-02  0.150006E+07  0.149761E+07  0.685423E+05  0.621093E+05  0.728962E+06  0.149595E+07
  0.498414E-02  0.147868E+07  0.147572E+07  0.471524E+05  0.475522E+05  0.674090E+06  0.147432E+07
  0.550314E-02  0.145524E+07  0.145167E+07  0.409368E+05  0.000000E+00  0.623142E+06  0.145065E+07
  0.607619E-02  0.142956E+07  0.142525E+07  0.400118E+05  0.000000E+00  0.570562E+06  0.142472E+07
  0.670891E-02  0.140157E+07  0.139638E+07  0.306832E+05  0.000000E+00  0.518338E+06  0.139647E+07
  0.740752E-02  0.137118E+07  0.136495E+07  0.198710E+05  0.000000E+00  0.465409E+06  0.136580E+07
  0.817888E-02  0.133826E+07  0.133080E+07  0.189623E+05  0.000000E+00  0.414007E+06  0.133259E+07
  0.903055E-02  0.130272E+07  0.129381E+07  0.159656E+05  0.000000E+00  0.365246E+06  0.129675E+07
  0.997092E-02  0.126447E+07  0.125386E+07  0.101489E+05  0.000000E+00  0.321482E+06  0.125819E+07
  0.110092E-01  0.122342E+07  0.121082E+07  0.104573E+05  0.000000E+00  0.282277E+06  0.121682E+07
  0.121556E-01  0.117948E+07  0.116459E+07  0.644084E+04  0.000000E+00  0.244000E+06  0.117253E+07
  0.134214E-01  0.113258E+07  0.111507E+07  0.647553E+04  0.000000E+00  0.207913E+06  0.112525E+07
  0.148190E-01  0.108268E+07  0.106223E+07  0.397703E+04  0.000000E+00  0.177312E+06  0.107496E+07
  0.163621E-01  0.103100E+07  0.100730E+07  0.368560E+04  0.000000E+00  0.149677E+06  0.102287E+07
  0.180659E-01  0.975494E+06  0.948284E+06  0.297786E+04  0.000000E+00  0.124592E+06  0.966929E+06
  0.199471E-01  0.917369E+06  0.886480E+06  0.200492E+04  0.000000E+00  0.103080E+06  0.908375E+06
  0.220242E-01  0.856133E+06  0.821556E+06  0.145428E+04  0.000000E+00  0.839147E+05  0.846735E+06
  0.243176E-01  0.793975E+06  0.755927E+06  0.119067E+04  0.000000E+00  0.678662E+05  0.784228E+06
  0.268499E-01  0.731589E+06  0.690600E+06  0.115097E+04  0.000000E+00  0.541970E+05  0.721593E+06
  0.296458E-01  0.669195E+06  0.626174E+06  0.590602E+03  0.000000E+00  0.429421E+05  0.659111E+06
  0.327328E-01  0.608432E+06  0.564714E+06  0.579324E+03  0.000000E+00  0.336403E+05  0.598481E+06
  0.361414E-01  0.551433E+06  0.508749E+06  0.354992E+03  0.000000E+00  0.261804E+05  0.541891E+06
  0.399048E-01  0.499548E+06  0.459885E+06  0.282990E+03  0.000000E+00  0.203008E+05  0.490723E+06
  0.438953E-01  0.455378E+06  0.420459E+06  0.000000E+00  0.000000E+00  0.159053E+05  0.447524E+06
  0.478858E-01  0.420681E+06  0.391311E+06  0.000000E+00  0.000000E+00  0.127709E+05  0.413891E+06
  0.518762E-01  0.392543E+06  0.368719E+06  0.000000E+00  0.000000E+00  0.104803E+05  0.386789E+06
  0.558667E-01  0.368785E+06  0.349823E+06  0.000000E+00  0.000000E+00  0.872181E+04  0.363936E+06
  0.598572E-01  0.347756E+06  0.332504E+06  0.000000E+00  0.000000E+00  0.732618E+04  0.343612E+06
  0.638477E-01  0.327993E+06  0.315086E+06  0.000000E+00  0.000000E+00  0.619931E+04  0.324324E+06
  0.678382E-01  0.308568E+06  0.296672E+06  0.000000E+00  0.000000E+00  0.526598E+04  0.305153E+06
  0.718286E-01  0.289642E+06  0.277660E+06  0.000000E+00  0.000000E+00  0.447627E+04  0.286301E+06
  0.758191E-01  0.270615E+06  0.257827E+06  0.000000E+00  0.000000E+00  0.380121E+04  0.267229E+06
  0.798096E-01  0.252362E+06  0.238471E+06  0.000000E+00  0.000000E+00  0.323573E+04  0.248881E+06
  0.838001E-01  0.235357E+06  0.220463E+06  0.000000E+00  0.000000E+00  0.276618E+04  0.231790E+06
  0.887890E-01  0.216444E+06  0.200892E+06  0.000000E+00  0.000000E+00  0.229037E+04  0.212858E+06
  0.937778E-01  0.200651E+06  0.185377E+06  0.000000E+00  0.000000E+00  0.192306E+04  0.197184E+06
  0.987667E-01  0.188123E+06  0.174045E+06  0.000000E+00  0.000000E+00  0.164378E+04  0.184912E+06
  0.103756E+00  0.178372E+06  0.166125E+06  0.000000E+00  0.000000E+00  0.142585E+04  0.175508E+06
  0.108744E+00  0.170481E+06  0.160276E+06  0.000000E+00  0.000000E+00  0.125269E+04  0.167989E+06
  0.113733E+00  0.163475E+06  0.155099E+06  0.000000E+00  0.000000E+00  0.110808E+04  0.161317E+06
  0.118722E+00  0.156606E+06  0.149538E+06  0.000000E+00  0.000000E+00  0.982135E+03  0.154696E+06
  0.123711E+00  0.149448E+06  0.143033E+06  0.000000E+00  0.000000E+00  0.868955E+03  0.147679E+06
  0.128700E+00  0.141896E+06  0.135532E+06  0.000000E+00  0.000000E+00  0.766065E+03  0.140171E+06
  0.133689E+00  0.134114E+06  0.127392E+06  0.000000E+00  0.000000E+00  0.673566E+03  0.132367E+06
  0.138678E+00  0.126428E+06  0.119200E+06  0.000000E+00  0.000000E+00  0.592072E+03  0.124634E+06
  0.143667E+00  0.119237E+06  0.111602E+06  0.000000E+00  0.000000E+00  0.522029E+03  0.117411E+06
  0.148655E+00  0.112902E+06  0.105136E+06  0.000000E+00  0.000000E+00  0.463443E+03  0.111085E+06
  0.153644E+00  0.107606E+06  0.100053E+06  0.000000E+00  0.000000E+00  0.414939E+03  0.105849E+06
  0.158633E+00  0.103287E+06  0.962545E+05  0.000000E+00  0.000000E+00  0.375040E+03  0.101636E+06
  0.163622E+00  0.997117E+05  0.933920E+05  0.000000E+00  0.000000E+00  0.341464E+03  0.981949E+05
  0.168611E+00  0.966042E+05  0.910380E+05  0.000000E+00  0.000000E+00  0.312578E+03  0.952261E+05
  0.173600E+00  0.936931E+05  0.887801E+05  0.000000E+00  0.000000E+00  0.286991E+03  0.924362E+05
  0.178589E+00  0.907360E+05  0.862801E+05  0.000000E+00  0.000000E+00  0.263563E+03  0.895684E+05
  0.183578E+00  0.875863E+05  0.833572E+05  0.000000E+00  0.000000E+00  0.241465E+03  0.864710E+05
  0.188566E+00  0.842441E+05  0.800389E+05  0.000000E+00  0.000000E+00  0.220548E+03  0.831487E+05
  0.193555E+00  0.808225E+05  0.765101E+05  0.000000E+00  0.000000E+00  0.200990E+03  0.797258E+05
  0.198544E+00  0.774662E+05  0.730065E+05  0.000000E+00  0.000000E+00  0.183222E+03  0.763614E+05
  0.203533E+00  0.743093E+05  0.697459E+05  0.000000E+00  0.000000E+00  0.167456E+03  0.732026E+05
  0.208522E+00  0.714599E+05  0.668935E+05  0.000000E+00  0.000000E+00  0.153764E+03  0.703663E+05
  0.213511E+00  0.689758E+05  0.645271E+05  0.000000E+00  0.000000E+00  0.141812E+03  0.679134E+05
  0.218500E+00  0.668423E+05  0.626171E+05  0.000000E+00  0.000000E+00  0.131385E+03  0.658269E+05
  0.223489E+00  0.649844E+05  0.610470E+05  0.000000E+00  0.000000E+00  0.122221E+03  0.640252E+05
  0.228478E+00  0.632998E+05  0.596624E+05  0.000000E+00  0.000000E+00  0.114053E+03  0.623980E+05
  0.233466E+00  0.616859E+05  0.583124E+05  0.000000E+00  0.000000E+00  0.106691E+03  0.608352E+05
  0.238455E+00  0.600597E+05  0.568812E+05  0.000000E+00  0.000000E+00  0.998317E+02  0.592489E+05
  0.243444E+00  0.583772E+05  0.553131E+05  0.000000E+00  0.000000E+00  0.932112E+02  0.575932E+05
  0.248433E+00  0.566403E+05  0.536193E+05  0.000000E+00  0.000000E+00  0.868957E+02  0.558717E+05
  0.253422E+00  0.548850E+05  0.518602E+05  0.000000E+00  0.000000E+00  0.808892E+02  0.541242E+05
  0.258411E+00  0.531609E+05  0.501163E+05  0.000000E+00  0.000000E+00  0.753755E+02  0.524051E+05
  0.263400E+00  0.515175E+05  0.484659E+05  0.000000E+00  0.000000E+00  0.703828E+02  0.507685E+05
  0.268389E+00  0.499948E+05  0.469690E+05  0.000000E+00  0.000000E+00  0.658750E+02  0.492573E+05
  0.273377E+00  0.486131E+05  0.456537E+05  0.000000E+00  0.000000E+00  0.618039E+02  0.478931E+05
  0.278366E+00  0.473675E+05  0.445107E+05  0.000000E+00  0.000000E+00  0.581125E+02  0.466703E+05
  0.283355E+00  0.462330E+05  0.435016E+05  0.000000E+00  0.000000E+00  0.547496E+02  0.455619E+05
  0.288344E+00  0.451745E+05  0.425739E+05  0.000000E+00  0.000000E+00  0.517005E+02  0.445300E+05
  0.293333E+00  0.441568E+05  0.416756E+05  0.000000E+00  0.000000E+00  0.488863E+02  0.435368E+05
  0.298322E+00  0.431507E+05  0.407658E+05  0.000000E+00  0.000000E+00  0.462571E+02  0.425513E+05
  0.303311E+00  0.421389E+05  0.398224E+05  0.000000E+00  0.000000E+00  0.437268E+02  0.415556E+05
  0.308300E+00  0.411189E+05  0.388451E+05  0.000000E+00  0.000000E+00  0.413049E+02  0.405475E+05
  0.313288E+00  0.401006E+05  0.378516E+05  0.000000E+00  0.000000E+00  0.390026E+02  0.395383E+05
  0.318277E+00  0.391013E+05  0.368692E+05  0.000000E+00  0.000000E+00  0.368576E+02  0.385465E+05
  0.323266E+00  0.381387E+05  0.359256E+05  0.000000E+00  0.000000E+00  0.348893E+02  0.375916E+05
  0.328255E+00  0.372263E+05  0.350418E+05  0.000000E+00  0.000000E+00  0.330545E+02  0.366883E+05
  0.333244E+00  0.363711E+05  0.342281E+05  0.000000E+00  0.000000E+00  0.313428E+02  0.358441E+05
  0.338233E+00  0.355725E+05  0.334830E+05  0.000000E+00  0.000000E+00  0.297537E+02  0.350580E+05
  0.343222E+00  0.348231E+05  0.327952E+05  0.000000E+00  0.000000E+00  0.282787E+02  0.343224E+05
  0.348211E+00  0.341117E+05  0.321480E+05  0.000000E+00  0.000000E+00  0.269397E+02  0.336250E+05
  0.353199E+00  0.334263E+05  0.315236E+05  0.000000E+00  0.000000E+00  0.256807E+02  0.329529E+05
  0.358188E+00  0.327562E+05  0.309070E+05  0.000000E+00  0.000000E+00  0.244982E+02  0.322948E+05
  0.363177E+00  0.320942E+05  0.302889E+05  0.000000E+00  0.000000E+00  0.233534E+02  0.316432E+05
  0.368166E+00  0.314375E+05  0.296666E+05  0.000000E+00  0.000000E+00  0.222567E+02  0.309953E+05
  0.373155E+00  0.307881E+05  0.290445E+05  0.000000E+00  0.000000E+00  0.212168E+02  0.303535E+05
  0.378144E+00  0.301520E+05  0.284317E+05  0.000000E+00  0.000000E+00  0.202331E+02  0.297243E+05
  0.383133E+00  0.295346E+05  0.278371E+05  0.000000E+00  0.000000E+00  0.193156E+02  0.291136E+05
  0.388122E+00  0.289401E+05  0.272674E+05  0.000000E+00  0.000000E+00  0.184577E+02  0.285260E+05
  0.393110E+00  0.283707E+05  0.267265E+05  0.000000E+00  0.000000E+00  0.176465E+02  0.279640E+05
  0.398099E+00  0.278273E+05  0.262154E+05  0.000000E+00  0.000000E+00  0.168819E+02  0.274286E+05
  0.403088E+00  0.273085E+05  0.257315E+05  0.000000E+00  0.000000E+00  0.161542E+02  0.269180E+05
  0.408077E+00  0.268103E+05  0.252693E+05  0.000000E+00  0.000000E+00  0.154732E+02  0.264281E+05
  0.413066E+00  0.263281E+05  0.248221E+05  0.000000E+00  0.000000E+00  0.148366E+02  0.259539E+05
  0.418055E+00  0.258580E+05  0.243848E+05  0.000000E+00  0.000000E+00  0.142399E+02  0.254915E+05
  0.423044E+00  0.253978E+05  0.239539E+05  0.000000E+00  0.000000E+00  0.136664E+02  0.250383E+05
  0.428033E+00  0.249458E+05  0.235278E+05  0.000000E+00  0.000000E+00  0.131107E+02  0.245928E+05
  0.433021E+00  0.245016E+05  0.231066E+05  0.000000E+00  0.000000E+00  0.125736E+02  0.241545E+05
  0.438010E+00  0.240661E+05  0.226921E+05  0.000000E+00  0.000000E+00  0.120718E+02  0.237245E+05
  0.442999E+00  0.236414E+05  0.222875E+05  0.000000E+00  0.000000E+00  0.115989E+02  0.233052E+05
  0.447988E+00  0.232292E+05  0.218954E+05  0.000000E+00  0.000000E+00  0.111594E+02  0.228983E+05
  0.452977E+00  0.228302E+05  0.215174E+05  0.000000E+00  0.000000E+00  0.107300E+02  0.225047E+05
  0.457966E+00  0.224445E+05  0.211534E+05  0.000000E+00  0.000000E+00  0.103166E+02  0.221244E+05
  0.462955E+00  0.220713E+05  0.208028E+05  0.000000E+00  0.000000E+00  0.991897E+01  0.217567E+05
  0.467944E+00  0.217099E+05  0.204642E+05  0.000000E+00  0.000000E+00  0.954614E+01  0.214008E+05
  0.472932E+00  0.213592E+05  0.201360E+05  0.000000E+00  0.000000E+00  0.920336E+01  0.210554E+05
  0.477921E+00  0.210174E+05  0.198160E+05  0.000000E+00  0.000000E+00  0.887892E+01  0.207189E+05
  0.482910E+00  0.206832E+05  0.195022E+05  0.000000E+00  0.000000E+00  0.856522E+01  0.203896E+05
  0.487899E+00  0.203556E+05  0.191939E+05  0.000000E+00  0.000000E+00  0.825635E+01  0.200668E+05
  0.492888E+00  0.200347E+05  0.188909E+05  0.000000E+00  0.000000E+00  0.795124E+01  0.197504E+05
  0.497877E+00  0.197207E+05  0.185938E+05  0.000000E+00  0.000000E+00  0.766715E+01  0.194407E+05
  0.502866E+00  0.194138E+05  0.183031E+05  0.000000E+00  0.000000E+00  0.740242E+01  0.191378E+05
  0.507855E+00  0.191140E+05  0.180193E+05  0.000000E+00  0.000000E+00  0.715682E+01  0.188422E+05
  0.512843E+00  0.188219E+05  0.177431E+05  0.000000E+00  0.000000E+00  0.691693E+01  0.185541E+05
  0.517832E+00  0.185376E+05  0.174747E+05  0.000000E+00  0.000000E+00  0.667859E+01  0.182738E+05
  0.522821E+00  0.182610E+05  0.172141E+05  0.000000E+00  0.000000E+00  0.644592E+01  0.180011E+05
  0.527810E+00  0.179915E+05  0.169606E+05  0.000000E+00  0.000000E+00  0.622987E+01  0.177355E+05
  0.532799E+00  0.177286E+05  0.167135E+05  0.000000E+00  0.000000E+00  0.602932E+01  0.174765E+05
  0.537788E+00  0.174718E+05  0.164722E+05  0.000000E+00  0.000000E+00  0.584107E+01  0.172235E+05
  0.542777E+00  0.172209E+05  0.162362E+05  0.000000E+00  0.000000E+00  0.565204E+01  0.169762E+05
  0.547766E+00  0.169753E+05  0.160049E+05  0.000000E+00  0.000000E+00  0.546622E+01  0.167342E+05
  0.552755E+00  0.167346E+05  0.157780E+05  0.000000E+00  0.000000E+00  0.528679E+01  0.164969E+05
  0.557743E+00  0.164987E+05  0.155554E+05  0.000000E+00  0.000000E+00  0.512027E+01  0.162643E+05
  0.562732E+00  0.162678E+05  0.153373E+05  0.000000E+00  0.000000E+00  0.496577E+01  0.160366E+05
  0.567721E+00  0.160419E+05  0.151240E+05  0.000000E+00  0.000000E+00  0.481512E+01  0.158139E+05
  0.572710E+00  0.158210E+05  0.149155E+05  0.000000E+00  0.000000E+00  0.466698E+01  0.155961E+05
  0.577699E+00  0.156050E+05  0.147116E+05  0.000000E+00  0.000000E+00  0.451966E+01  0.153831E+05
  0.582688E+00  0.153937E+05  0.145123E+05  0.000000E+00  0.000000E+00  0.437852E+01  0.151748E+05
  0.630774E+00  0.135722E+05  0.127958E+05  0.000000E+00  0.000000E+00  0.330134E+01  0.133794E+05
  0.682829E+00  0.119562E+05  0.112724E+05  0.000000E+00  0.000000E+00  0.248093E+01  0.117863E+05
  0.739179E+00  0.105244E+05  0.992253E+04  0.000000E+00  0.000000E+00  0.186449E+01  0.103748E+05
  0.800180E+00  0.925712E+04  0.872780E+04  0.000000E+00  0.000000E+00  0.140150E+01  0.912560E+04
  0.866215E+00  0.813669E+04  0.767148E+04  0.000000E+00  0.000000E+00  0.105277E+01  0.802109E+04
  0.937699E+00  0.714708E+04  0.673850E+04  0.000000E+00  0.000000E+00  0.789009E+00  0.704555E+04
  0.101508E+01  0.627363E+04  0.591502E+04  0.000000E+00  0.000000E+00  0.591091E+00  0.618451E+04
  0.109885E+01  0.550338E+04  0.518883E+04  0.000000E+00  0.000000E+00  0.442374E+00  0.542520E+04
  0.118953E+01  0.482482E+04  0.454908E+04  0.000000E+00  0.000000E+00  0.331261E+00  0.475629E+04
  0.128770E+01  0.422739E+04  0.398581E+04  0.000000E+00  0.000000E+00  0.247538E+00  0.416735E+04
  0.139397E+01  0.370182E+04  0.349029E+04  0.000000E+00  0.000000E+00  0.255476E+00  0.364925E+04
  0.150901E+01  0.323980E+04  0.305468E+04  0.000000E+00  0.000000E+00  0.191155E+00  0.319379E+04
  0.163354E+01  0.283397E+04  0.267205E+04  0.000000E+00  0.000000E+00  0.142398E+00  0.279372E+04
  0.176834E+01  0.247767E+04  0.233612E+04  0.000000E+00  0.000000E+00  0.106505E+00  0.244249E+04
  0.191428E+01  0.216512E+04  0.204143E+04  0.000000E+00  0.000000E+00  0.794167E-01  0.213437E+04
  0.207225E+01  0.189109E+04  0.178305E+04  0.000000E+00  0.000000E+00  0.590363E-01  0.186423E+04
  0.224326E+01  0.165096E+04  0.155665E+04  0.000000E+00  0.000000E+00  0.439983E-01  0.162752E+04
  0.242839E+01  0.144069E+04  0.135839E+04  0.000000E+00  0.000000E+00  0.328811E-01  0.142024E+04
  0.262879E+01  0.125666E+04  0.118488E+04  0.000000E+00  0.000000E+00  0.243292E-01  0.123882E+04
  0.284573E+01  0.109567E+04  0.103309E+04  0.000000E+00  0.000000E+00  0.180676E-01  0.108012E+04
  0.308058E+01  0.954927E+03  0.900377E+03  0.000000E+00  0.000000E+00  0.135385E-01  0.941367E+03
  0.333480E+01  0.831932E+03  0.784407E+03  0.000000E+00  0.000000E+00  0.993567E-02  0.820119E+03
  0.361001E+01  0.724507E+03  0.683118E+03  0.000000E+00  0.000000E+00  0.760151E-02  0.714219E+03
  0.390792E+01  0.630720E+03  0.594687E+03  0.000000E+00  0.000000E+00  0.564513E-02  0.621763E+03
  0.423042E+01  0.548880E+03  0.517520E+03  0.000000E+00  0.000000E+00  0.403402E-02  0.541085E+03
  0.457954E+01  0.477493E+03  0.450210E+03  0.000000E+00  0.000000E+00  0.302096E-02  0.470712E+03
  0.495746E+01  0.415253E+03  0.391524E+03  0.000000E+00  0.000000E+00  0.227535E-02  0.409355E+03
  0.536658E+01  0.361008E+03  0.340376E+03  0.000000E+00  0.000000E+00  0.162747E-02  0.355880E+03
  0.580945E+01  0.313751E+03  0.295817E+03  0.000000E+00  0.000000E+00  0.129034E-02  0.309294E+03
  0.628888E+01  0.272596E+03  0.257011E+03  0.000000E+00  0.000000E+00  0.970108E-03  0.268723E+03
  0.680787E+01  0.236770E+03  0.223230E+03  0.000000E+00  0.000000E+00  0.696446E-03  0.233405E+03
  0.736969E+01  0.205593E+03  0.193833E+03  0.000000E+00  0.000000E+00  0.493442E-03  0.202671E+03
  0.797787E+01  0.178471E+03  0.168259E+03  0.000000E+00  0.000000E+00  0.364708E-03  0.175934E+03
  0.863624E+01  0.154885E+03  0.146019E+03  0.000000E+00  0.000000E+00  0.288867E-03  0.152683E+03
  0.934895E+01  0.134381E+03  0.126685E+03  0.000000E+00  0.000000E+00  0.207573E-03  0.132470E+03
  0.101205E+02  0.116561E+03  0.109882E+03  0.000000E+00  0.000000E+00  0.158075E-03  0.114902E+03
  0.109557E+02  0.101079E+03  0.952833E+02  0.000000E+00  0.000000E+00  0.937248E-04  0.996401E+02
  0.118598E+02  0.876318E+02  0.826033E+02  0.000000E+00  0.000000E+00  0.978309E-04  0.863837E+02
  0.128385E+02  0.759558E+02  0.715933E+02  0.000000E+00  0.000000E+00  0.492152E-04  0.748733E+02
  0.138980E+02  0.658203E+02  0.620359E+02  0.000000E+00  0.000000E+00  0.609245E-04  0.648816E+02
  0.150449E+02  0.570244E+02  0.537416E+02  0.000000E+00  0.000000E+00  0.197706E-04  0.562105E+02
  0.162865E+02  0.493931E+02  0.465455E+02  0.000000E+00  0.000000E+00  0.136037E-04  0.486874E+02
  0.176306E+02  0.427739E+02  0.403037E+02  0.000000E+00  0.000000E+00  0.245142E-04  0.421621E+02
  0.190855E+02  0.370340E+02  0.348909E+02  0.000000E+00  0.000000E+00  0.587857E-05  0.365036E+02
  0.206606E+02  0.320579E+02  0.301983E+02  0.000000E+00  0.000000E+00  0.101014E-04  0.315980E+02
  0.223656E+02  0.277448E+02  0.261310E+02  0.000000E+00  0.000000E+00  0.772417E-06  0.273460E+02
  0.242113E+02  0.240072E+02  0.226063E+02  0.000000E+00  0.000000E+00  0.176102E-05  0.236614E+02
  0.262093E+02  0.207692E+02  0.195526E+02  0.000000E+00  0.000000E+00  0.449046E-05  0.204693E+02
  0.283722E+02  0.179645E+02  0.169076E+02  0.000000E+00  0.000000E+00  0.371681E-05  0.177044E+02
  0.307137E+02  0.155357E+02  0.146170E+02  0.000000E+00  0.000000E+00  0.363488E-07  0.153100E+02
  0.332483E+02  0.134329E+02  0.126337E+02  0.000000E+00  0.000000E+00  0.244248E-05  0.132369E+02
  0.359921E+02  0.116125E+02  0.109168E+02  0.000000E+00  0.000000E+00  0.313233E-05  0.114423E+02
  0.389624E+02  0.100371E+02  0.943089E+01  0.000000E+00  0.000000E+00 -0.109424E-05  0.988919E+01
  0.421777E+02  0.867389E+01  0.814504E+01  0.000000E+00  0.000000E+00 -0.526126E-06  0.854523E+01
  0.456584E+02  0.749451E+01  0.703255E+01  0.000000E+00  0.000000E+00 -0.151583E-05  0.738252E+01
  0.494264E+02  0.647435E+01  0.607020E+01  0.000000E+00  0.000000E+00  0.225269E-05  0.637677E+01
  0.535053E+02  0.559208E+01  0.523787E+01  0.000000E+00  0.000000E+00 -0.132861E-05  0.550696E+01
  0.579208E+02  0.482919E+01  0.451813E+01  0.000000E+00  0.000000E+00  0.931350E-06  0.475483E+01
  0.627007E+02  0.416964E+01  0.389582E+01  0.000000E+00  0.000000E+00 -0.732427E-06  0.410458E+01
  0.678751E+02  0.359952E+01  0.335786E+01  0.000000E+00  0.000000E+00 -0.180081E-06  0.354248E+01
  0.734765E+02  0.310678E+01  0.289287E+01  0.000000E+00  0.000000E+00  0.995795E-06  0.305667E+01
  0.795402E+02  0.268099E+01  0.249103E+01  0.000000E+00  0.000000E+00  0.639747E-06  0.263687E+01
  0.861042E+02  0.231310E+01  0.214380E+01  0.000000E+00  0.000000E+00 -0.320267E-06  0.227415E+01
  0.932099E+02  0.199529E+01  0.184380E+01  0.000000E+00  0.000000E+00  0.126171E-06  0.196079E+01
  0.100902E+03  0.172078E+01  0.158466E+01  0.000000E+00  0.000000E+00 -0.302444E-06  0.169013E+01
  0.109229E+03  0.148371E+01  0.136084E+01  0.000000E+00  0.000000E+00 -0.365373E-06  0.145638E+01
  0.118243E+03  0.127899E+01  0.116756E+01  0.000000E+00  0.000000E+00 -0.287404E-06  0.125453E+01
  0.128001E+03  0.110225E+01  0.100069E+01  0.000000E+00  0.000000E+00 -0.406126E-06  0.108025E+01
  0.138564E+03  0.949666E+00  0.856647E+00  0.000000E+00  0.000000E+00 -0.183835E-06  0.929807E+00
  0.149999E+03  0.817965E+00  0.732338E+00  0.000000E+00  0.000000E+00  0.377396E-07  0.799955E+00
  0.162378E+03  0.704304E+00  0.625091E+00  0.000000E+00  0.000000E+00 -0.149038E-06  0.687895E+00
  0.175778E+03  0.606227E+00  0.532601E+00  0.000000E+00  0.000000E+00 -0.196536E-06  0.591208E+00
  0.190285E+03  0.521609E+00  0.452873E+00  0.000000E+00  0.000000E+00 -0.522681E-07  0.507801E+00
  0.205988E+03  0.448617E+00  0.384188E+00  0.000000E+00  0.000000E+00  0.924825E-07  0.435868E+00
  0.222987E+03  0.385664E+00  0.325063E+00  0.000000E+00  0.000000E+00  0.920568E-07  0.373847E+00
  0.241389E+03  0.331381E+00  0.274217E+00  0.000000E+00  0.000000E+00 -0.290575E-07  0.320390E+00
  0.261309E+03  0.284586E+00  0.230549E+00  0.000000E+00  0.000000E+00 -0.403494E-07  0.274334E+00
  0.282874E+03  0.244257E+00  0.193109E+00  0.000000E+00  0.000000E+00  0.632992E-07  0.234674E+00
  0.306218E+03  0.209512E+00  0.161078E+00  0.000000E+00  0.000000E+00 -0.496350E-07  0.200543E+00
  0.331489E+03  0.179592E+00  0.133751E+00  0.000000E+00  0.000000E+00 -0.488859E-07  0.171193E+00
  0.358845E+03  0.153839E+00  0.110518E+00  0.000000E+00  0.000000E+00 -0.300399E-07  0.145978E+00
  0.388459E+03  0.131686E+00  0.908503E-01  0.000000E+00  0.000000E+00 -0.778282E-08  0.124340E+00
