  0.971146E-05  0.146693E+07  0.146693E+07  0.195584E+07  0.195584E+07  0.148256E+07  0.146700E+07
  0.107227E-04  0.146693E+07  0.146693E+07  0.195582E+07  0.195582E+07  0.148256E+07  0.146700E+07
  0.118393E-04  0.146693E+07  0.146693E+07  0.195581E+07  0.195580E+07  0.148255E+07  0.146700E+07
  0.130721E-04  0.146693E+07  0.146693E+07  0.195579E+07  0.195578E+07  0.148255E+07  0.146700E+07
  0.144334E-04  0.146692E+07  0.146692E+07  0.195576E+07  0.195576E+07  0.148255E+07  0.146700E+07
  0.159363E-04  0.146692E+07  0.146692E+07  0.195573E+07  0.195572E+07  0.148254E+07  0.146700E+07
  0.175958E-04  0.146692E+07  0.146692E+07  0.195569E+07  0.195569E+07  0.148254E+07  0.146700E+07
  0.194281E-04  0.146692E+07  0.146692E+07  0.195564E+07  0.195564E+07  0.148253E+07  0.146700E+07
  0.214511E-04  0.146692E+07  0.146692E+07  0.195559E+07  0.195558E+07  0.148252E+07  0.146700E+07
  0.236849E-04  0.146692E+07  0.146692E+07  0.195552E+07  0.195551E+07  0.148251E+07  0.146700E+07
  0.261512E-04  0.146692E+07  0.146692E+07  0.195543E+07  0.195542E+07  0.148249E+07  0.146700E+07
  0.288744E-04  0.146692E+07  0.146692E+07  0.195533E+07  0.195532E+07  0.148248E+07  0.146699E+07
  0.318811E-04  0.146692E+07  0.146692E+07  0.195521E+07  0.195519E+07  0.148246E+07  0.146699E+07
  0.352009E-04  0.146691E+07  0.146691E+07  0.195505E+07  0.195504E+07  0.148243E+07  0.146699E+07
  0.388664E-04  0.146691E+07  0.146691E+07  0.195487E+07  0.195485E+07  0.148240E+07  0.146699E+07
  0.429136E-04  0.146691E+07  0.146691E+07  0.195464E+07  0.195461E+07  0.148236E+07  0.146698E+07
  0.473823E-04  0.146690E+07  0.146690E+07  0.195436E+07  0.195433E+07  0.148232E+07  0.146698E+07
  0.523163E-04  0.146690E+07  0.146690E+07  0.195403E+07  0.195399E+07  0.148226E+07  0.146697E+07
  0.577640E-04  0.146689E+07  0.146689E+07  0.195362E+07  0.195357E+07  0.148219E+07  0.146697E+07
  0.637791E-04  0.146688E+07  0.146688E+07  0.195311E+07  0.195306E+07  0.148211E+07  0.146696E+07
  0.704205E-04  0.146688E+07  0.146688E+07  0.195250E+07  0.195244E+07  0.148201E+07  0.146695E+07
  0.777535E-04  0.146686E+07  0.146686E+07  0.195176E+07  0.195168E+07  0.148189E+07  0.146694E+07
  0.858500E-04  0.146685E+07  0.146685E+07  0.195085E+07  0.195075E+07  0.148174E+07  0.146692E+07
  0.947897E-04  0.146683E+07  0.146683E+07  0.194975E+07  0.194963E+07  0.148156E+07  0.146690E+07
  0.104660E-03  0.146681E+07  0.146681E+07  0.194840E+07  0.194825E+07  0.148134E+07  0.146688E+07
  0.115559E-03  0.146679E+07  0.146679E+07  0.194676E+07  0.194658E+07  0.148107E+07  0.146686E+07
  0.127592E-03  0.146676E+07  0.146676E+07  0.194477E+07  0.194454E+07  0.148074E+07  0.146683E+07
  0.140878E-03  0.146672E+07  0.146672E+07  0.194233E+07  0.194206E+07  0.148033E+07  0.146679E+07
  0.155548E-03  0.146668E+07  0.146667E+07  0.193937E+07  0.193904E+07  0.147985E+07  0.146674E+07
  0.171746E-03  0.146662E+07  0.146662E+07  0.193577E+07  0.193537E+07  0.147925E+07  0.146668E+07
  0.189630E-03  0.146655E+07  0.146655E+07  0.193138E+07  0.193089E+07  0.147852E+07  0.146661E+07
  0.209376E-03  0.146647E+07  0.146647E+07  0.192605E+07  0.192545E+07  0.147764E+07  0.146653E+07
  0.231179E-03  0.146637E+07  0.146637E+07  0.191956E+07  0.191884E+07  0.147656E+07  0.146642E+07
  0.255252E-03  0.146625E+07  0.146625E+07  0.191168E+07  0.191081E+07  0.147525E+07  0.146630E+07
  0.281831E-03  0.146611E+07  0.146610E+07  0.190211E+07  0.190105E+07  0.147366E+07  0.146614E+07
  0.311179E-03  0.146593E+07  0.146591E+07  0.189051E+07  0.188923E+07  0.147172E+07  0.146595E+07
  0.343582E-03  0.146571E+07  0.146569E+07  0.187645E+07  0.187490E+07  0.146936E+07  0.146572E+07
  0.379360E-03  0.146544E+07  0.146542E+07  0.185945E+07  0.185758E+07  0.146649E+07  0.146545E+07
  0.418863E-03  0.146512E+07  0.146510E+07  0.183891E+07  0.183665E+07  0.146300E+07  0.146511E+07
  0.462480E-03  0.146473E+07  0.146470E+07  0.181414E+07  0.181144E+07  0.145877E+07  0.146469E+07
  0.510638E-03  0.146425E+07  0.146422E+07  0.178437E+07  0.178114E+07  0.145364E+07  0.146419E+07
  0.563812E-03  0.146367E+07  0.146363E+07  0.174869E+07  0.174484E+07  0.144743E+07  0.146358E+07
  0.622522E-03  0.146296E+07  0.146291E+07  0.170607E+07  0.170152E+07  0.143993E+07  0.146284E+07
  0.687346E-03  0.146211E+07  0.146205E+07  0.165542E+07  0.165006E+07  0.143086E+07  0.146195E+07
  0.758921E-03  0.146107E+07  0.146100E+07  0.159554E+07  0.158929E+07  0.141994E+07  0.146086E+07
  0.837948E-03  0.145982E+07  0.145973E+07  0.152527E+07  0.151804E+07  0.140682E+07  0.145955E+07
  0.925205E-03  0.145830E+07  0.145820E+07  0.144348E+07  0.143523E+07  0.139112E+07  0.145796E+07
  0.102155E-02  0.145648E+07  0.145635E+07  0.134931E+07  0.134004E+07  0.137238E+07  0.145605E+07
  0.112792E-02  0.145428E+07  0.145412E+07  0.124230E+07  0.123207E+07  0.135013E+07  0.145375E+07
  0.124537E-02  0.145164E+07  0.145145E+07  0.112267E+07  0.111165E+07  0.132384E+07  0.145100E+07
  0.137506E-02  0.144849E+07  0.144826E+07  0.991640E+06  0.980143E+06  0.129304E+07  0.144770E+07
  0.151824E-02  0.144473E+07  0.144445E+07  0.851803E+06  0.840256E+06  0.125727E+07  0.144378E+07
  0.167634E-02  0.144028E+07  0.143993E+07  0.707395E+06  0.696361E+06  0.121613E+07  0.143914E+07
  0.185090E-02  0.143502E+07  0.143459E+07  0.564457E+06  0.554566E+06  0.116937E+07  0.143367E+07
  0.204364E-02  0.142884E+07  0.142833E+07  0.430616E+06  0.422431E+06  0.111704E+07  0.142726E+07
  0.225644E-02  0.142165E+07  0.142102E+07  0.314280E+06  0.308086E+06  0.105949E+07  0.141980E+07
  0.249141E-02  0.141332E+07  0.141255E+07  0.223052E+06  0.218601E+06  0.997539E+06  0.141118E+07
  0.275084E-02  0.140374E+07  0.140281E+07  0.161420E+06  0.157736E+06  0.932467E+06  0.140132E+07
  0.303729E-02  0.139283E+07  0.139170E+07  0.128281E+06  0.123723E+06  0.866018E+06  0.139010E+07
  0.335357E-02  0.138049E+07  0.137912E+07  0.115583E+06  0.108426E+06  0.800231E+06  0.137746E+07
  0.370278E-02  0.136662E+07  0.136496E+07  0.109949E+06  0.995154E+05  0.737128E+06  0.136331E+07
  0.408835E-02  0.135115E+07  0.134914E+07  0.983992E+05  0.862708E+05  0.678298E+06  0.134757E+07
  0.451408E-02  0.133398E+07  0.133155E+07  0.763818E+05  0.664372E+05  0.624473E+06  0.133016E+07
  0.498414E-02  0.131503E+07  0.131209E+07  0.517497E+05  0.478159E+05  0.575340E+06  0.131097E+07
  0.550314E-02  0.129424E+07  0.129069E+07  0.374017E+05  0.394916E+05  0.531390E+06  0.128997E+07
  0.607619E-02  0.127145E+07  0.126718E+07  0.354967E+05  0.000000E+00  0.485694E+06  0.126695E+07
  0.670891E-02  0.124660E+07  0.124146E+07  0.331107E+05  0.000000E+00  0.440435E+06  0.124186E+07
  0.740752E-02  0.121962E+07  0.121345E+07  0.227067E+05  0.000000E+00  0.394441E+06  0.121462E+07
  0.817888E-02  0.119039E+07  0.118299E+07  0.159425E+05  0.000000E+00  0.350009E+06  0.118512E+07
  0.903055E-02  0.115883E+07  0.114999E+07  0.164249E+05  0.000000E+00  0.307775E+06  0.115327E+07
  0.997092E-02  0.112485E+07  0.111433E+07  0.115315E+05  0.000000E+00  0.269694E+06  0.111900E+07
  0.110092E-01  0.108839E+07  0.107590E+07  0.863649E+04  0.000000E+00  0.236231E+06  0.108222E+07
  0.121556E-01  0.104936E+07  0.103459E+07  0.808982E+04  0.000000E+00  0.204151E+06  0.104285E+07
  0.134214E-01  0.100770E+07  0.990337E+06  0.514980E+04  0.000000E+00  0.173178E+06  0.100082E+07
  0.148190E-01  0.963373E+06  0.943095E+06  0.486806E+04  0.000000E+00  0.147031E+06  0.956100E+06
  0.163621E-01  0.917467E+06  0.893961E+06  0.352202E+04  0.000000E+00  0.124064E+06  0.909774E+06
  0.180659E-01  0.868162E+06  0.841169E+06  0.244304E+04  0.000000E+00  0.102927E+06  0.860032E+06
  0.199471E-01  0.816528E+06  0.785882E+06  0.225093E+04  0.000000E+00  0.849347E+05  0.807960E+06
  0.220242E-01  0.762127E+06  0.727819E+06  0.178021E+04  0.000000E+00  0.690524E+05  0.753143E+06
  0.243176E-01  0.706899E+06  0.669144E+06  0.131766E+04  0.000000E+00  0.556572E+05  0.697550E+06
  0.268499E-01  0.651460E+06  0.610780E+06  0.113107E+04  0.000000E+00  0.443344E+05  0.641843E+06
  0.296458E-01  0.595997E+06  0.553295E+06  0.941680E+03  0.000000E+00  0.351252E+05  0.586271E+06
  0.327328E-01  0.541962E+06  0.498560E+06  0.509893E+03  0.000000E+00  0.274517E+05  0.532345E+06
  0.361414E-01  0.491246E+06  0.448861E+06  0.301776E+03  0.000000E+00  0.212688E+05  0.482010E+06
  0.399048E-01  0.445044E+06  0.405647E+06  0.291083E+03  0.000000E+00  0.164998E+05  0.436500E+06
  0.438953E-01  0.405674E+06  0.370978E+06  0.000000E+00  0.000000E+00  0.128914E+05  0.398075E+06
  0.478858E-01  0.374718E+06  0.345522E+06  0.000000E+00  0.000000E+00  0.103522E+05  0.368160E+06
  0.518762E-01  0.349595E+06  0.325898E+06  0.000000E+00  0.000000E+00  0.846243E+04  0.344053E+06
  0.558667E-01  0.328379E+06  0.309507E+06  0.000000E+00  0.000000E+00  0.701820E+04  0.323726E+06
  0.598572E-01  0.309609E+06  0.294423E+06  0.000000E+00  0.000000E+00  0.593881E+04  0.305648E+06
  0.638477E-01  0.291989E+06  0.279134E+06  0.000000E+00  0.000000E+00  0.499372E+04  0.288491E+06
  0.678382E-01  0.274691E+06  0.262846E+06  0.000000E+00  0.000000E+00  0.425660E+04  0.271439E+06
  0.718286E-01  0.257857E+06  0.245932E+06  0.000000E+00  0.000000E+00  0.359706E+04  0.254670E+06
  0.758191E-01  0.240944E+06  0.228226E+06  0.000000E+00  0.000000E+00  0.305597E+04  0.237706E+06
  0.798096E-01  0.224726E+06  0.210918E+06  0.000000E+00  0.000000E+00  0.259888E+04  0.221384E+06
  0.838001E-01  0.209616E+06  0.194816E+06  0.000000E+00  0.000000E+00  0.221810E+04  0.206182E+06
  0.887890E-01  0.192803E+06  0.177352E+06  0.000000E+00  0.000000E+00  0.183712E+04  0.189342E+06
  0.937778E-01  0.178750E+06  0.163575E+06  0.000000E+00  0.000000E+00  0.154220E+04  0.175400E+06
  0.987667E-01  0.167586E+06  0.153596E+06  0.000000E+00  0.000000E+00  0.131618E+04  0.164484E+06
  0.103756E+00  0.158881E+06  0.146706E+06  0.000000E+00  0.000000E+00  0.114087E+04  0.156118E+06
  0.108744E+00  0.151827E+06  0.141677E+06  0.000000E+00  0.000000E+00  0.100190E+04  0.149430E+06
  0.113733E+00  0.145564E+06  0.137229E+06  0.000000E+00  0.000000E+00  0.885837E+03  0.143495E+06
  0.118722E+00  0.139432E+06  0.132395E+06  0.000000E+00  0.000000E+00  0.784349E+03  0.137606E+06
  0.123711E+00  0.133052E+06  0.126666E+06  0.000000E+00  0.000000E+00  0.693478E+03  0.131364E+06
  0.128700E+00  0.126333E+06  0.120000E+06  0.000000E+00  0.000000E+00  0.611008E+03  0.124686E+06
  0.133689E+00  0.119416E+06  0.112731E+06  0.000000E+00  0.000000E+00  0.537364E+03  0.117744E+06
  0.138678E+00  0.112588E+06  0.105402E+06  0.000000E+00  0.000000E+00  0.472296E+03  0.110866E+06
  0.143667E+00  0.106198E+06  0.986096E+05  0.000000E+00  0.000000E+00  0.416312E+03  0.104440E+06
  0.148655E+00  0.100565E+06  0.928468E+05  0.000000E+00  0.000000E+00  0.369162E+03  0.988128E+05
  0.153644E+00  0.958507E+05  0.883441E+05  0.000000E+00  0.000000E+00  0.330488E+03  0.941558E+05
  0.158633E+00  0.919994E+05  0.850092E+05  0.000000E+00  0.000000E+00  0.298607E+03  0.904078E+05
  0.163622E+00  0.888072E+05  0.825236E+05  0.000000E+00  0.000000E+00  0.271991E+03  0.873470E+05
  0.168611E+00  0.860302E+05  0.804939E+05  0.000000E+00  0.000000E+00  0.248962E+03  0.847062E+05
  0.173600E+00  0.834295E+05  0.785416E+05  0.000000E+00  0.000000E+00  0.228410E+03  0.822245E+05
  0.178589E+00  0.807913E+05  0.763573E+05  0.000000E+00  0.000000E+00  0.209573E+03  0.796735E+05
  0.183578E+00  0.779855E+05  0.737772E+05  0.000000E+00  0.000000E+00  0.191946E+03  0.769183E+05
  0.188566E+00  0.750119E+05  0.708283E+05  0.000000E+00  0.000000E+00  0.175380E+03  0.739631E+05
  0.193555E+00  0.719699E+05  0.676809E+05  0.000000E+00  0.000000E+00  0.159904E+03  0.709183E+05
  0.198544E+00  0.689867E+05  0.645524E+05  0.000000E+00  0.000000E+00  0.145712E+03  0.679256E+05
  0.203533E+00  0.661802E+05  0.616435E+05  0.000000E+00  0.000000E+00  0.133078E+03  0.651157E+05
  0.208522E+00  0.636455E+05  0.591061E+05  0.000000E+00  0.000000E+00  0.122098E+03  0.625928E+05
  0.213511E+00  0.614338E+05  0.570114E+05  0.000000E+00  0.000000E+00  0.112671E+03  0.604109E+05
  0.218500E+00  0.595322E+05  0.553314E+05  0.000000E+00  0.000000E+00  0.104456E+03  0.585549E+05
  0.223489E+00  0.578746E+05  0.539594E+05  0.000000E+00  0.000000E+00  0.971903E+02  0.569522E+05
  0.228478E+00  0.563710E+05  0.527534E+05  0.000000E+00  0.000000E+00  0.906240E+02  0.555047E+05
  0.233466E+00  0.549308E+05  0.515752E+05  0.000000E+00  0.000000E+00  0.846838E+02  0.541146E+05
  0.238455E+00  0.534810E+05  0.503190E+05  0.000000E+00  0.000000E+00  0.791657E+02  0.527035E+05
  0.243444E+00  0.519823E+05  0.489342E+05  0.000000E+00  0.000000E+00  0.739904E+02  0.512308E+05
  0.248433E+00  0.504365E+05  0.474316E+05  0.000000E+00  0.000000E+00  0.690139E+02  0.496995E+05
  0.253422E+00  0.488750E+05  0.458668E+05  0.000000E+00  0.000000E+00  0.642782E+02  0.481450E+05
  0.258411E+00  0.473417E+05  0.443141E+05  0.000000E+00  0.000000E+00  0.598487E+02  0.466158E+05
  0.263400E+00  0.458799E+05  0.428456E+05  0.000000E+00  0.000000E+00  0.558327E+02  0.451600E+05
  0.268389E+00  0.445249E+05  0.415164E+05  0.000000E+00  0.000000E+00  0.522563E+02  0.438157E+05
  0.273377E+00  0.432947E+05  0.403521E+05  0.000000E+00  0.000000E+00  0.490608E+02  0.426023E+05
  0.278366E+00  0.421849E+05  0.393443E+05  0.000000E+00  0.000000E+00  0.461568E+02  0.415146E+05
  0.283355E+00  0.411735E+05  0.384574E+05  0.000000E+00  0.000000E+00  0.434636E+02  0.405286E+05
  0.288344E+00  0.402298E+05  0.376435E+05  0.000000E+00  0.000000E+00  0.409938E+02  0.396107E+05
  0.293333E+00  0.393224E+05  0.368547E+05  0.000000E+00  0.000000E+00  0.387368E+02  0.387272E+05
  0.298322E+00  0.384258E+05  0.360537E+05  0.000000E+00  0.000000E+00  0.366743E+02  0.378506E+05
  0.303311E+00  0.375246E+05  0.352205E+05  0.000000E+00  0.000000E+00  0.347141E+02  0.369649E+05
  0.308300E+00  0.366165E+05  0.343550E+05  0.000000E+00  0.000000E+00  0.328002E+02  0.360682E+05
  0.313288E+00  0.357103E+05  0.334735E+05  0.000000E+00  0.000000E+00  0.309510E+02  0.351704E+05
  0.318277E+00  0.348210E+05  0.326012E+05  0.000000E+00  0.000000E+00  0.292114E+02  0.342882E+05
  0.323266E+00  0.339643E+05  0.317636E+05  0.000000E+00  0.000000E+00  0.276398E+02  0.334388E+05
  0.328255E+00  0.331522E+05  0.309800E+05  0.000000E+00  0.000000E+00  0.262137E+02  0.326353E+05
  0.333244E+00  0.323908E+05  0.302598E+05  0.000000E+00  0.000000E+00  0.248775E+02  0.318843E+05
  0.338233E+00  0.316794E+05  0.296016E+05  0.000000E+00  0.000000E+00  0.236156E+02  0.311851E+05
  0.343222E+00  0.310118E+05  0.289952E+05  0.000000E+00  0.000000E+00  0.224246E+02  0.305307E+05
  0.348211E+00  0.303779E+05  0.284250E+05  0.000000E+00  0.000000E+00  0.213370E+02  0.299104E+05
  0.353199E+00  0.297671E+05  0.278749E+05  0.000000E+00  0.000000E+00  0.203441E+02  0.293125E+05
  0.358188E+00  0.291702E+05  0.273311E+05  0.000000E+00  0.000000E+00  0.194227E+02  0.287272E+05
  0.363177E+00  0.285805E+05  0.267850E+05  0.000000E+00  0.000000E+00  0.185246E+02  0.281475E+05
  0.368166E+00  0.279957E+05  0.262345E+05  0.000000E+00  0.000000E+00  0.176578E+02  0.275712E+05
  0.373155E+00  0.274176E+05  0.256836E+05  0.000000E+00  0.000000E+00  0.168166E+02  0.270003E+05
  0.378144E+00  0.268513E+05  0.251406E+05  0.000000E+00  0.000000E+00  0.160358E+02  0.264406E+05
  0.383133E+00  0.263018E+05  0.246137E+05  0.000000E+00  0.000000E+00  0.153114E+02  0.258974E+05
  0.388122E+00  0.257725E+05  0.241091E+05  0.000000E+00  0.000000E+00  0.146376E+02  0.253747E+05
  0.393110E+00  0.252655E+05  0.236304E+05  0.000000E+00  0.000000E+00  0.139917E+02  0.248748E+05
  0.398099E+00  0.247816E+05  0.231785E+05  0.000000E+00  0.000000E+00  0.133775E+02  0.243985E+05
  0.403088E+00  0.243195E+05  0.227512E+05  0.000000E+00  0.000000E+00  0.127934E+02  0.239444E+05
  0.408077E+00  0.238757E+05  0.223431E+05  0.000000E+00  0.000000E+00  0.122558E+02  0.235086E+05
  0.413066E+00  0.234461E+05  0.219484E+05  0.000000E+00  0.000000E+00  0.117611E+02  0.230868E+05
  0.418055E+00  0.230273E+05  0.215622E+05  0.000000E+00  0.000000E+00  0.112904E+02  0.226754E+05
  0.423044E+00  0.226174E+05  0.211815E+05  0.000000E+00  0.000000E+00  0.108357E+02  0.222723E+05
  0.428033E+00  0.222149E+05  0.208048E+05  0.000000E+00  0.000000E+00  0.103894E+02  0.218760E+05
  0.433021E+00  0.218194E+05  0.204321E+05  0.000000E+00  0.000000E+00  0.996537E+01  0.214861E+05
  0.438010E+00  0.214317E+05  0.200652E+05  0.000000E+00  0.000000E+00  0.956814E+01  0.211037E+05
  0.442999E+00  0.210535E+05  0.197071E+05  0.000000E+00  0.000000E+00  0.919541E+01  0.207306E+05
  0.447988E+00  0.206865E+05  0.193601E+05  0.000000E+00  0.000000E+00  0.883880E+01  0.203687E+05
  0.452977E+00  0.203313E+05  0.190256E+05  0.000000E+00  0.000000E+00  0.849468E+01  0.200186E+05
  0.457966E+00  0.199877E+05  0.187038E+05  0.000000E+00  0.000000E+00  0.816897E+01  0.196803E+05
  0.462955E+00  0.196554E+05  0.183939E+05  0.000000E+00  0.000000E+00  0.786150E+01  0.193532E+05
  0.467944E+00  0.193335E+05  0.180947E+05  0.000000E+00  0.000000E+00  0.757364E+01  0.190366E+05
  0.472932E+00  0.190211E+05  0.178047E+05  0.000000E+00  0.000000E+00  0.729648E+01  0.187294E+05
  0.477921E+00  0.187167E+05  0.175219E+05  0.000000E+00  0.000000E+00  0.703159E+01  0.184300E+05
  0.482910E+00  0.184190E+05  0.172446E+05  0.000000E+00  0.000000E+00  0.677855E+01  0.181371E+05
  0.487899E+00  0.181274E+05  0.169720E+05  0.000000E+00  0.000000E+00  0.653735E+01  0.178500E+05
  0.492888E+00  0.178416E+05  0.167040E+05  0.000000E+00  0.000000E+00  0.630718E+01  0.175685E+05
  0.497877E+00  0.175620E+05  0.164413E+05  0.000000E+00  0.000000E+00  0.608130E+01  0.172930E+05
  0.502866E+00  0.172886E+05  0.161841E+05  0.000000E+00  0.000000E+00  0.586736E+01  0.170237E+05
  0.507855E+00  0.170217E+05  0.159331E+05  0.000000E+00  0.000000E+00  0.566171E+01  0.167607E+05
  0.512843E+00  0.167616E+05  0.156887E+05  0.000000E+00  0.000000E+00  0.547197E+01  0.165044E+05
  0.517832E+00  0.165084E+05  0.154514E+05  0.000000E+00  0.000000E+00  0.528833E+01  0.162550E+05
  0.522821E+00  0.162621E+05  0.152210E+05  0.000000E+00  0.000000E+00  0.511342E+01  0.160125E+05
  0.527810E+00  0.160221E+05  0.149969E+05  0.000000E+00  0.000000E+00  0.494039E+01  0.157763E+05
  0.532799E+00  0.157879E+05  0.147785E+05  0.000000E+00  0.000000E+00  0.477712E+01  0.155458E+05
  0.537788E+00  0.155593E+05  0.145651E+05  0.000000E+00  0.000000E+00  0.462118E+01  0.153208E+05
  0.542777E+00  0.153358E+05  0.143565E+05  0.000000E+00  0.000000E+00  0.447408E+01  0.151009E+05
  0.547766E+00  0.151171E+05  0.141521E+05  0.000000E+00  0.000000E+00  0.433392E+01  0.148855E+05
  0.552755E+00  0.149027E+05  0.139514E+05  0.000000E+00  0.000000E+00  0.419414E+01  0.146745E+05
  0.557743E+00  0.146926E+05  0.137545E+05  0.000000E+00  0.000000E+00  0.405888E+01  0.144676E+05
  0.562732E+00  0.144870E+05  0.135617E+05  0.000000E+00  0.000000E+00  0.392747E+01  0.142650E+05
  0.567721E+00  0.142859E+05  0.133730E+05  0.000000E+00  0.000000E+00  0.380572E+01  0.140669E+05
  0.572710E+00  0.140892E+05  0.131886E+05  0.000000E+00  0.000000E+00  0.369301E+01  0.138732E+05
  0.577699E+00  0.138968E+05  0.130083E+05  0.000000E+00  0.000000E+00  0.358481E+01  0.136837E+05
  0.582688E+00  0.137086E+05  0.128321E+05  0.000000E+00  0.000000E+00  0.347646E+01  0.134984E+05
  0.630774E+00  0.120866E+05  0.113144E+05  0.000000E+00  0.000000E+00  0.261573E+01  0.119013E+05
  0.682829E+00  0.106474E+05  0.996736E+04  0.000000E+00  0.000000E+00  0.196325E+01  0.104842E+05
  0.739179E+00  0.937233E+04  0.877379E+04  0.000000E+00  0.000000E+00  0.147555E+01  0.922872E+04
  0.800180E+00  0.824379E+04  0.771738E+04  0.000000E+00  0.000000E+00  0.110847E+01  0.811748E+04
  0.866215E+00  0.724600E+04  0.678336E+04  0.000000E+00  0.000000E+00  0.832011E+00  0.713499E+04
  0.937699E+00  0.636472E+04  0.595839E+04  0.000000E+00  0.000000E+00  0.623881E+00  0.626722E+04
  0.101508E+01  0.558688E+04  0.523025E+04  0.000000E+00  0.000000E+00  0.468369E+00  0.550130E+04
  0.109885E+01  0.490095E+04  0.458813E+04  0.000000E+00  0.000000E+00  0.349985E+00  0.482588E+04
  0.118953E+01  0.429667E+04  0.402244E+04  0.000000E+00  0.000000E+00  0.261768E+00  0.423086E+04
  0.128770E+01  0.376464E+04  0.352439E+04  0.000000E+00  0.000000E+00  0.196091E+00  0.370698E+04
  0.139397E+01  0.329660E+04  0.308623E+04  0.000000E+00  0.000000E+00  0.202191E+00  0.324611E+04
  0.150901E+01  0.288515E+04  0.270105E+04  0.000000E+00  0.000000E+00  0.150946E+00  0.284097E+04
  0.163354E+01  0.252375E+04  0.236272E+04  0.000000E+00  0.000000E+00  0.112875E+00  0.248510E+04
  0.176834E+01  0.220645E+04  0.206568E+04  0.000000E+00  0.000000E+00  0.841443E-01  0.217267E+04
  0.191428E+01  0.192811E+04  0.180510E+04  0.000000E+00  0.000000E+00  0.628321E-01  0.189859E+04
  0.207225E+01  0.168408E+04  0.157664E+04  0.000000E+00  0.000000E+00  0.468436E-01  0.165829E+04
  0.224326E+01  0.147024E+04  0.137644E+04  0.000000E+00  0.000000E+00  0.348478E-01  0.144773E+04
  0.242839E+01  0.128299E+04  0.120114E+04  0.000000E+00  0.000000E+00  0.258561E-01  0.126334E+04
  0.262879E+01  0.111910E+04  0.104771E+04  0.000000E+00  0.000000E+00  0.194280E-01  0.110196E+04
  0.284573E+01  0.975736E+03  0.913491E+03  0.000000E+00  0.000000E+00  0.143942E-01  0.960795E+03
  0.308058E+01  0.850395E+03  0.796146E+03  0.000000E+00  0.000000E+00  0.108296E-01  0.837374E+03
  0.333480E+01  0.740864E+03  0.693602E+03  0.000000E+00  0.000000E+00  0.789095E-02  0.729520E+03
  0.361001E+01  0.645198E+03  0.604038E+03  0.000000E+00  0.000000E+00  0.589586E-02  0.635319E+03
  0.390792E+01  0.561678E+03  0.525844E+03  0.000000E+00  0.000000E+00  0.434656E-02  0.553077E+03
  0.423042E+01  0.488796E+03  0.457610E+03  0.000000E+00  0.000000E+00  0.331688E-02  0.481311E+03
  0.457954E+01  0.425224E+03  0.398092E+03  0.000000E+00  0.000000E+00  0.247395E-02  0.418712E+03
  0.495746E+01  0.369797E+03  0.346200E+03  0.000000E+00  0.000000E+00  0.182714E-02  0.364134E+03
  0.536658E+01  0.321490E+03  0.300973E+03  0.000000E+00  0.000000E+00  0.129181E-02  0.316566E+03
  0.580945E+01  0.279406E+03  0.261572E+03  0.000000E+00  0.000000E+00  0.952384E-03  0.275126E+03
  0.628888E+01  0.242756E+03  0.227258E+03  0.000000E+00  0.000000E+00  0.756104E-03  0.239037E+03
  0.680787E+01  0.210851E+03  0.197388E+03  0.000000E+00  0.000000E+00  0.581259E-03  0.207621E+03
  0.736969E+01  0.183087E+03  0.171394E+03  0.000000E+00  0.000000E+00  0.382267E-03  0.180282E+03
  0.797787E+01  0.158934E+03  0.148780E+03  0.000000E+00  0.000000E+00  0.334798E-03  0.156498E+03
  0.863624E+01  0.137931E+03  0.129115E+03  0.000000E+00  0.000000E+00  0.194332E-03  0.135816E+03
  0.934895E+01  0.119671E+03  0.112019E+03  0.000000E+00  0.000000E+00  0.178440E-03  0.117836E+03
  0.101205E+02  0.103802E+03  0.971614E+02  0.000000E+00  0.000000E+00  0.108292E-03  0.102209E+03
  0.109557E+02  0.900145E+02  0.842527E+02  0.000000E+00  0.000000E+00  0.110173E-03  0.886330E+02
  0.118598E+02  0.780393E+02  0.730405E+02  0.000000E+00  0.000000E+00  0.771628E-04  0.768410E+02
  0.128385E+02  0.676414E+02  0.633051E+02  0.000000E+00  0.000000E+00  0.340704E-04  0.666022E+02
  0.138980E+02  0.586154E+02  0.548540E+02  0.000000E+00  0.000000E+00  0.499068E-04  0.577143E+02
  0.150449E+02  0.507824E+02  0.475199E+02  0.000000E+00  0.000000E+00  0.318142E-04  0.500011E+02
  0.162865E+02  0.439865E+02  0.411568E+02  0.000000E+00  0.000000E+00  0.246575E-04  0.433091E+02
  0.176306E+02  0.380919E+02  0.356375E+02  0.000000E+00  0.000000E+00  0.687651E-05  0.375047E+02
  0.190855E+02  0.329804E+02  0.308514E+02  0.000000E+00  0.000000E+00  0.142520E-04  0.324713E+02
  0.206606E+02  0.285489E+02  0.267020E+02  0.000000E+00  0.000000E+00  0.246519E-05  0.281076E+02
  0.223656E+02  0.247080E+02  0.231055E+02  0.000000E+00  0.000000E+00  0.152483E-05  0.243253E+02
  0.242113E+02  0.213795E+02  0.199888E+02  0.000000E+00  0.000000E+00  0.105216E-04  0.210478E+02
  0.262093E+02  0.184960E+02  0.172886E+02  0.000000E+00  0.000000E+00  0.204216E-05  0.182083E+02
  0.283722E+02  0.159984E+02  0.149498E+02  0.000000E+00  0.000000E+00  0.727370E-05  0.157488E+02
  0.307137E+02  0.138354E+02  0.129243E+02  0.000000E+00  0.000000E+00  0.104341E-05  0.136189E+02
  0.332483E+02  0.119628E+02  0.111706E+02  0.000000E+00  0.000000E+00  0.415992E-05  0.117748E+02
  0.359921E+02  0.103417E+02  0.965246E+01  0.000000E+00  0.000000E+00  0.108080E-05  0.101785E+02
  0.389624E+02  0.893875E+01  0.833852E+01  0.000000E+00  0.000000E+00  0.214689E-06  0.879695E+01
  0.421777E+02  0.772475E+01  0.720151E+01  0.000000E+00  0.000000E+00  0.208149E-05  0.760146E+01
  0.456584E+02  0.667448E+01  0.621779E+01  0.000000E+00  0.000000E+00  0.684285E-06  0.656720E+01
  0.494264E+02  0.576600E+01  0.536683E+01  0.000000E+00  0.000000E+00  0.111928E-05  0.567256E+01
  0.535053E+02  0.498032E+01  0.463085E+01  0.000000E+00  0.000000E+00 -0.772994E-06  0.489884E+01
  0.579208E+02  0.430094E+01  0.399441E+01  0.000000E+00  0.000000E+00 -0.907379E-06  0.422980E+01
  0.627007E+02  0.371359E+01  0.344414E+01  0.000000E+00  0.000000E+00 -0.147467E-05  0.365138E+01
  0.678751E+02  0.320589E+01  0.296844E+01  0.000000E+00  0.000000E+00 -0.795592E-06  0.315138E+01
  0.734765E+02  0.276709E+01  0.255727E+01  0.000000E+00  0.000000E+00 -0.106564E-05  0.271925E+01
  0.795402E+02  0.238791E+01  0.220193E+01  0.000000E+00  0.000000E+00 -0.266570E-06  0.234582E+01
  0.861042E+02  0.206030E+01  0.189489E+01  0.000000E+00  0.000000E+00  0.680610E-06  0.202317E+01
  0.932099E+02  0.177728E+01  0.162962E+01  0.000000E+00  0.000000E+00  0.274929E-06  0.174443E+01
  0.100902E+03  0.153283E+01  0.140046E+01  0.000000E+00  0.000000E+00 -0.561060E-06  0.150367E+01
  0.109229E+03  0.132171E+01  0.120255E+01  0.000000E+00  0.000000E+00 -0.255803E-06  0.129574E+01
  0.118243E+03  0.113941E+01  0.103164E+01  0.000000E+00  0.000000E+00 -0.455435E-06  0.111619E+01
  0.128001E+03  0.982010E+00  0.884075E+00  0.000000E+00  0.000000E+00 -0.943382E-07  0.961172E+00
  0.138564E+03  0.846133E+00  0.756698E+00  0.000000E+00  0.000000E+00 -0.748076E-07  0.827348E+00
  0.149999E+03  0.728851E+00  0.646771E+00  0.000000E+00  0.000000E+00 -0.321679E-06  0.711841E+00
  0.162378E+03  0.627632E+00  0.551933E+00  0.000000E+00  0.000000E+00  0.177602E-06  0.612160E+00
  0.175778E+03  0.540292E+00  0.470144E+00  0.000000E+00  0.000000E+00 -0.947006E-07  0.526153E+00
  0.190285E+03  0.464937E+00  0.399641E+00  0.000000E+00  0.000000E+00  0.182147E-06  0.451960E+00
  0.205988E+03  0.399934E+00  0.338903E+00  0.000000E+00  0.000000E+00  0.180893E-06  0.387971E+00
  0.222987E+03  0.343870E+00  0.286619E+00  0.000000E+00  0.000000E+00  0.743485E-07  0.332800E+00
  0.241389E+03  0.295526E+00  0.241657E+00  0.000000E+00  0.000000E+00  0.130163E-06  0.285245E+00
  0.261309E+03  0.253849E+00  0.203044E+00  0.000000E+00  0.000000E+00 -0.504663E-07  0.244273E+00
  0.282874E+03  0.217929E+00  0.169939E+00  0.000000E+00  0.000000E+00 -0.988808E-07  0.208989E+00
  0.306218E+03  0.186981E+00  0.141620E+00  0.000000E+00  0.000000E+00  0.668279E-07  0.178622E+00
  0.331489E+03  0.160327E+00  0.117463E+00  0.000000E+00  0.000000E+00  0.337016E-07  0.152507E+00
  0.358845E+03  0.137382E+00  0.969292E-01  0.000000E+00  0.000000E+00 -0.190334E-07  0.130070E+00
  0.388459E+03  0.117642E+00  0.795526E-01  0.000000E+00  0.000000E+00 -0.373782E-07  0.110813E+00
