  0.971146E-05  0.747341E+06  0.747341E+06  0.996440E+06  0.996439E+06  0.773784E+06  0.747474E+06
  0.107227E-04  0.747341E+06  0.747341E+06  0.996436E+06  0.996436E+06  0.773783E+06  0.747474E+06
  0.118393E-04  0.747341E+06  0.747341E+06  0.996432E+06  0.996431E+06  0.773781E+06  0.747474E+06
  0.130721E-04  0.747341E+06  0.747341E+06  0.996427E+06  0.996426E+06  0.773779E+06  0.747474E+06
  0.144334E-04  0.747341E+06  0.747341E+06  0.996421E+06  0.996419E+06  0.773777E+06  0.747474E+06
  0.159363E-04  0.747341E+06  0.747341E+06  0.996413E+06  0.996411E+06  0.773775E+06  0.747474E+06
  0.175958E-04  0.747341E+06  0.747341E+06  0.996404E+06  0.996402E+06  0.773772E+06  0.747474E+06
  0.194281E-04  0.747340E+06  0.747340E+06  0.996392E+06  0.996390E+06  0.773768E+06  0.747473E+06
  0.214511E-04  0.747340E+06  0.747340E+06  0.996378E+06  0.996375E+06  0.773763E+06  0.747473E+06
  0.236849E-04  0.747340E+06  0.747340E+06  0.996361E+06  0.996357E+06  0.773758E+06  0.747472E+06
  0.261512E-04  0.747339E+06  0.747339E+06  0.996340E+06  0.996336E+06  0.773751E+06  0.747472E+06
  0.288744E-04  0.747339E+06  0.747338E+06  0.996315E+06  0.996310E+06  0.773742E+06  0.747471E+06
  0.318811E-04  0.747338E+06  0.747338E+06  0.996284E+06  0.996278E+06  0.773732E+06  0.747470E+06
  0.352009E-04  0.747337E+06  0.747337E+06  0.996247E+06  0.996239E+06  0.773720E+06  0.747470E+06
  0.388664E-04  0.747336E+06  0.747336E+06  0.996201E+06  0.996191E+06  0.773704E+06  0.747468E+06
  0.429136E-04  0.747335E+06  0.747334E+06  0.996145E+06  0.996133E+06  0.773686E+06  0.747467E+06
  0.473823E-04  0.747333E+06  0.747333E+06  0.996077E+06  0.996062E+06  0.773663E+06  0.747465E+06
  0.523163E-04  0.747331E+06  0.747331E+06  0.995994E+06  0.995976E+06  0.773636E+06  0.747463E+06
  0.577640E-04  0.747329E+06  0.747328E+06  0.995893E+06  0.995871E+06  0.773602E+06  0.747461E+06
  0.637791E-04  0.747326E+06  0.747325E+06  0.995769E+06  0.995743E+06  0.773561E+06  0.747458E+06
  0.704205E-04  0.747322E+06  0.747322E+06  0.995619E+06  0.995587E+06  0.773511E+06  0.747454E+06
  0.777535E-04  0.747318E+06  0.747317E+06  0.995436E+06  0.995397E+06  0.773450E+06  0.747449E+06
  0.858500E-04  0.747313E+06  0.747312E+06  0.995212E+06  0.995165E+06  0.773376E+06  0.747444E+06
  0.947897E-04  0.747306E+06  0.747305E+06  0.994940E+06  0.994882E+06  0.773285E+06  0.747437E+06
  0.104660E-03  0.747298E+06  0.747297E+06  0.994608E+06  0.994537E+06  0.773175E+06  0.747428E+06
  0.115559E-03  0.747289E+06  0.747287E+06  0.994204E+06  0.994118E+06  0.773041E+06  0.747418E+06
  0.127592E-03  0.747277E+06  0.747276E+06  0.993711E+06  0.993606E+06  0.772877E+06  0.747406E+06
  0.140878E-03  0.747263E+06  0.747261E+06  0.993110E+06  0.992982E+06  0.772677E+06  0.747391E+06
  0.155548E-03  0.747246E+06  0.747243E+06  0.992379E+06  0.992223E+06  0.772434E+06  0.747372E+06
  0.171746E-03  0.747225E+06  0.747222E+06  0.991487E+06  0.991298E+06  0.772137E+06  0.747350E+06
  0.189630E-03  0.747200E+06  0.747195E+06  0.990402E+06  0.990171E+06  0.771776E+06  0.747322E+06
  0.209376E-03  0.747168E+06  0.747163E+06  0.989080E+06  0.988798E+06  0.771336E+06  0.747289E+06
  0.231179E-03  0.747130E+06  0.747124E+06  0.987470E+06  0.987128E+06  0.770800E+06  0.747248E+06
  0.255252E-03  0.747084E+06  0.747077E+06  0.985511E+06  0.985095E+06  0.770146E+06  0.747199E+06
  0.281831E-03  0.747028E+06  0.747019E+06  0.983128E+06  0.982622E+06  0.769351E+06  0.747139E+06
  0.311179E-03  0.746959E+06  0.746948E+06  0.980229E+06  0.979614E+06  0.768383E+06  0.747065E+06
  0.343582E-03  0.746876E+06  0.746862E+06  0.976705E+06  0.975959E+06  0.767205E+06  0.746976E+06
  0.379360E-03  0.746774E+06  0.746757E+06  0.972425E+06  0.971520E+06  0.765773E+06  0.746866E+06
  0.418863E-03  0.746650E+06  0.746629E+06  0.967230E+06  0.966133E+06  0.764030E+06  0.746734E+06
  0.462480E-03  0.746498E+06  0.746474E+06  0.960931E+06  0.959604E+06  0.761913E+06  0.746572E+06
  0.510638E-03  0.746315E+06  0.746284E+06  0.953301E+06  0.951698E+06  0.759343E+06  0.746375E+06
  0.563812E-03  0.746091E+06  0.746054E+06  0.944073E+06  0.942141E+06  0.756224E+06  0.746136E+06
  0.622522E-03  0.745819E+06  0.745774E+06  0.932933E+06  0.930609E+06  0.752444E+06  0.745845E+06
  0.687346E-03  0.745488E+06  0.745433E+06  0.919512E+06  0.916726E+06  0.747870E+06  0.745491E+06
  0.758921E-03  0.745086E+06  0.745019E+06  0.903387E+06  0.900059E+06  0.742341E+06  0.745061E+06
  0.837948E-03  0.744597E+06  0.744516E+06  0.884074E+06  0.880117E+06  0.735673E+06  0.744539E+06
  0.925205E-03  0.744005E+06  0.743906E+06  0.861035E+06  0.856357E+06  0.727649E+06  0.743907E+06
  0.102155E-02  0.743288E+06  0.743167E+06  0.833683E+06  0.828191E+06  0.718022E+06  0.743141E+06
  0.112792E-02  0.742419E+06  0.742272E+06  0.801405E+06  0.795012E+06  0.706511E+06  0.742214E+06
  0.124537E-02  0.741370E+06  0.741190E+06  0.763592E+06  0.756228E+06  0.692807E+06  0.741096E+06
  0.137506E-02  0.740104E+06  0.739885E+06  0.719692E+06  0.711324E+06  0.676576E+06  0.739749E+06
  0.151824E-02  0.738581E+06  0.738315E+06  0.669296E+06  0.659942E+06  0.657475E+06  0.738129E+06
  0.167634E-02  0.736753E+06  0.736429E+06  0.612242E+06  0.602003E+06  0.635171E+06  0.736189E+06
  0.185090E-02  0.734566E+06  0.734172E+06  0.548763E+06  0.537850E+06  0.609374E+06  0.733872E+06
  0.204364E-02  0.731961E+06  0.731480E+06  0.479661E+06  0.468422E+06  0.579881E+06  0.731117E+06
  0.225644E-02  0.728869E+06  0.728285E+06  0.406490E+06  0.395423E+06  0.546641E+06  0.727857E+06
  0.249141E-02  0.725221E+06  0.724510E+06  0.331707E+06  0.321440E+06  0.509822E+06  0.724021E+06
  0.275084E-02  0.720941E+06  0.720077E+06  0.258709E+06  0.249934E+06  0.469898E+06  0.719536E+06
  0.303729E-02  0.715955E+06  0.714905E+06  0.191672E+06  0.184991E+06  0.427710E+06  0.714333E+06
  0.335357E-02  0.710190E+06  0.708916E+06  0.135028E+06  0.130732E+06  0.384508E+06  0.708343E+06
  0.370278E-02  0.703582E+06  0.702035E+06  0.925397E+05  0.903313E+05  0.341897E+06  0.701509E+06
  0.408835E-02  0.696072E+06  0.694198E+06  0.660002E+05  0.648046E+05  0.301685E+06  0.693781E+06
  0.451408E-02  0.687615E+06  0.685345E+06  0.539571E+05  0.520216E+05  0.265566E+06  0.685120E+06
  0.498414E-02  0.678173E+06  0.675428E+06  0.512239E+05  0.467473E+05  0.234704E+06  0.675492E+06
  0.550314E-02  0.667732E+06  0.664416E+06  0.501814E+05  0.424851E+05  0.212694E+06  0.664899E+06
  0.607619E-02  0.656232E+06  0.652231E+06  0.442982E+05  0.349518E+05  0.191763E+06  0.653238E+06
  0.670891E-02  0.643648E+06  0.638831E+06  0.324656E+05  0.251079E+05  0.173130E+06  0.640490E+06
  0.740752E-02  0.629944E+06  0.624155E+06  0.202814E+05  0.181104E+05  0.153862E+06  0.626599E+06
  0.817888E-02  0.615068E+06  0.608125E+06  0.147147E+05  0.170841E+05  0.134905E+06  0.611513E+06
  0.903055E-02  0.598981E+06  0.590677E+06  0.153609E+05  0.000000E+00  0.116599E+06  0.595190E+06
  0.997092E-02  0.581647E+06  0.571747E+06  0.142327E+05  0.000000E+00  0.999238E+05  0.577598E+06
  0.110092E-01  0.563029E+06  0.551269E+06  0.868992E+04  0.000000E+00  0.856125E+05  0.558696E+06
  0.121556E-01  0.543090E+06  0.529181E+06  0.615713E+04  0.000000E+00  0.733946E+05  0.538442E+06
  0.134214E-01  0.521804E+06  0.505441E+06  0.688074E+04  0.000000E+00  0.621874E+05  0.516804E+06
  0.148190E-01  0.499157E+06  0.480030E+06  0.421317E+04  0.000000E+00  0.512506E+05  0.493761E+06
  0.163621E-01  0.475699E+06  0.453512E+06  0.339188E+04  0.000000E+00  0.420235E+05  0.469872E+06
  0.180659E-01  0.450502E+06  0.425005E+06  0.298870E+04  0.000000E+00  0.349966E+05  0.444222E+06
  0.199471E-01  0.424106E+06  0.395140E+06  0.192683E+04  0.000000E+00  0.282740E+05  0.417355E+06
  0.220242E-01  0.396280E+06  0.363828E+06  0.165739E+04  0.000000E+00  0.227478E+05  0.389068E+06
  0.243176E-01  0.368004E+06  0.332262E+06  0.132407E+04  0.000000E+00  0.181850E+05  0.360371E+06
  0.268499E-01  0.339577E+06  0.301031E+06  0.788207E+03  0.000000E+00  0.142935E+05  0.331606E+06
  0.296458E-01  0.311074E+06  0.270568E+06  0.668256E+03  0.000000E+00  0.112432E+05  0.302909E+06
  0.327328E-01  0.283214E+06  0.241991E+06  0.568901E+03  0.000000E+00  0.862063E+04  0.275058E+06
  0.361414E-01  0.256945E+06  0.216623E+06  0.446564E+03  0.000000E+00  0.668754E+04  0.249059E+06
  0.399048E-01  0.232868E+06  0.195310E+06  0.360181E+03  0.000000E+00  0.506314E+04  0.225549E+06
  0.438953E-01  0.212198E+06  0.179032E+06  0.000000E+00  0.000000E+00  0.391346E+04  0.205699E+06
  0.478858E-01  0.195815E+06  0.167816E+06  0.000000E+00  0.000000E+00  0.312323E+04  0.190244E+06
  0.518762E-01  0.182443E+06  0.159630E+06  0.000000E+00  0.000000E+00  0.251373E+04  0.177789E+06
  0.558667E-01  0.171135E+06  0.152891E+06  0.000000E+00  0.000000E+00  0.207830E+04  0.167286E+06
  0.598572E-01  0.161169E+06  0.146433E+06  0.000000E+00  0.000000E+00  0.177109E+04  0.157946E+06
  0.638477E-01  0.151891E+06  0.139396E+06  0.000000E+00  0.000000E+00  0.145014E+04  0.149081E+06
  0.678382E-01  0.142872E+06  0.131376E+06  0.000000E+00  0.000000E+00  0.126568E+04  0.140270E+06
  0.718286E-01  0.134169E+06  0.122643E+06  0.000000E+00  0.000000E+00  0.105630E+04  0.131605E+06
  0.758191E-01  0.125478E+06  0.113241E+06  0.000000E+00  0.000000E+00  0.885230E+03  0.122840E+06
  0.798096E-01  0.117167E+06  0.103933E+06  0.000000E+00  0.000000E+00  0.747005E+03  0.114407E+06
  0.838001E-01  0.109424E+06  0.952742E+05  0.000000E+00  0.000000E+00  0.636064E+03  0.106551E+06
  0.887890E-01  0.100778E+06  0.860251E+05  0.000000E+00  0.000000E+00  0.524805E+03  0.978492E+05
  0.937778E-01  0.934947E+05  0.790017E+05  0.000000E+00  0.000000E+00  0.438921E+03  0.906448E+05
  0.987667E-01  0.876414E+05  0.742602E+05  0.000000E+00  0.000000E+00  0.374737E+03  0.850034E+05
  0.103756E+00  0.830150E+05  0.713388E+05  0.000000E+00  0.000000E+00  0.322944E+03  0.806802E+05
  0.108744E+00  0.792261E+05  0.694574E+05  0.000000E+00  0.000000E+00  0.283044E+03  0.772237E+05
  0.113733E+00  0.758601E+05  0.678073E+05  0.000000E+00  0.000000E+00  0.249295E+03  0.741564E+05
  0.118722E+00  0.725973E+05  0.657794E+05  0.000000E+00  0.000000E+00  0.219610E+03  0.711128E+05
  0.123711E+00  0.692517E+05  0.630622E+05  0.000000E+00  0.000000E+00  0.194211E+03  0.678872E+05
  0.128700E+00  0.657723E+05  0.596506E+05  0.000000E+00  0.000000E+00  0.171122E+03  0.644363E+05
  0.133689E+00  0.622192E+05  0.557816E+05  0.000000E+00  0.000000E+00  0.149846E+03  0.608491E+05
  0.138678E+00  0.587228E+05  0.518261E+05  0.000000E+00  0.000000E+00  0.131125E+03  0.572947E+05
  0.143667E+00  0.554470E+05  0.481792E+05  0.000000E+00  0.000000E+00  0.115853E+03  0.539743E+05
  0.148655E+00  0.525439E+05  0.451576E+05  0.000000E+00  0.000000E+00  0.102844E+03  0.510662E+05
  0.153644E+00  0.500921E+05  0.429059E+05  0.000000E+00  0.000000E+00  0.916504E+02  0.486596E+05
  0.158633E+00  0.480650E+05  0.413648E+05  0.000000E+00  0.000000E+00  0.826838E+02  0.467225E+05
  0.163622E+00  0.463653E+05  0.403304E+05  0.000000E+00  0.000000E+00  0.753715E+02  0.451406E+05
  0.168611E+00  0.448771E+05  0.395474E+05  0.000000E+00  0.000000E+00  0.687459E+02  0.437758E+05
  0.173600E+00  0.434866E+05  0.387708E+05  0.000000E+00  0.000000E+00  0.627550E+02  0.424932E+05
  0.178589E+00  0.420902E+05  0.378070E+05  0.000000E+00  0.000000E+00  0.577861E+02  0.411748E+05
  0.183578E+00  0.406230E+05  0.365588E+05  0.000000E+00  0.000000E+00  0.530565E+02  0.397510E+05
  0.188566E+00  0.390832E+05  0.350489E+05  0.000000E+00  0.000000E+00  0.483194E+02  0.382238E+05
  0.193555E+00  0.375172E+05  0.333898E+05  0.000000E+00  0.000000E+00  0.439366E+02  0.366504E+05
  0.198544E+00  0.359847E+05  0.317252E+05  0.000000E+00  0.000000E+00  0.401654E+02  0.351039E+05
  0.203533E+00  0.345406E+05  0.301882E+05  0.000000E+00  0.000000E+00  0.366060E+02  0.336518E+05
  0.208522E+00  0.332303E+05  0.288773E+05  0.000000E+00  0.000000E+00  0.334715E+02  0.323480E+05
  0.213511E+00  0.320787E+05  0.278369E+05  0.000000E+00  0.000000E+00  0.309953E+02  0.312204E+05
  0.218500E+00  0.310800E+05  0.270477E+05  0.000000E+00  0.000000E+00  0.287370E+02  0.302612E+05
  0.223489E+00  0.302030E+05  0.264404E+05  0.000000E+00  0.000000E+00  0.265897E+02  0.294329E+05
  0.228478E+00  0.294046E+05  0.259236E+05  0.000000E+00  0.000000E+00  0.247320E+02  0.286848E+05
  0.233466E+00  0.286415E+05  0.254090E+05  0.000000E+00  0.000000E+00  0.232381E+02  0.279663E+05
  0.238455E+00  0.278780E+05  0.248304E+05  0.000000E+00  0.000000E+00  0.217595E+02  0.272371E+05
  0.243444E+00  0.270949E+05  0.241574E+05  0.000000E+00  0.000000E+00  0.202654E+02  0.264760E+05
  0.248433E+00  0.262924E+05  0.233985E+05  0.000000E+00  0.000000E+00  0.188885E+02  0.256846E+05
  0.253422E+00  0.254851E+05  0.225907E+05  0.000000E+00  0.000000E+00  0.176352E+02  0.248813E+05
  0.258411E+00  0.246935E+05  0.217832E+05  0.000000E+00  0.000000E+00  0.163817E+02  0.240911E+05
  0.263400E+00  0.239381E+05  0.210233E+05  0.000000E+00  0.000000E+00  0.152024E+02  0.233387E+05
  0.268389E+00  0.232356E+05  0.203465E+05  0.000000E+00  0.000000E+00  0.142659E+02  0.226440E+05
  0.273377E+00  0.225949E+05  0.197690E+05  0.000000E+00  0.000000E+00  0.134372E+02  0.220169E+05
  0.278366E+00  0.220140E+05  0.192848E+05  0.000000E+00  0.000000E+00  0.125984E+02  0.214548E+05
  0.283355E+00  0.214823E+05  0.188712E+05  0.000000E+00  0.000000E+00  0.118291E+02  0.209452E+05
  0.288344E+00  0.209852E+05  0.184973E+05  0.000000E+00  0.000000E+00  0.112130E+02  0.204708E+05
  0.293333E+00  0.205077E+05  0.181326E+05  0.000000E+00  0.000000E+00  0.106045E+02  0.200142E+05
  0.298322E+00  0.200372E+05  0.177536E+05  0.000000E+00  0.000000E+00  0.997357E+01  0.195612E+05
  0.303311E+00  0.195664E+05  0.173483E+05  0.000000E+00  0.000000E+00  0.945577E+01  0.191035E+05
  0.308300E+00  0.190937E+05  0.169172E+05  0.000000E+00  0.000000E+00  0.898038E+01  0.186400E+05
  0.313288E+00  0.186234E+05  0.164715E+05  0.000000E+00  0.000000E+00  0.842746E+01  0.181761E+05
  0.318277E+00  0.181623E+05  0.160277E+05  0.000000E+00  0.000000E+00  0.789296E+01  0.177202E+05
  0.323266E+00  0.177180E+05  0.156025E+05  0.000000E+00  0.000000E+00  0.750748E+01  0.172812E+05
  0.328255E+00  0.172960E+05  0.152083E+05  0.000000E+00  0.000000E+00  0.715387E+01  0.168660E+05
  0.333244E+00  0.168994E+05  0.148513E+05  0.000000E+00  0.000000E+00  0.675454E+01  0.164779E+05
  0.338233E+00  0.165279E+05  0.145305E+05  0.000000E+00  0.000000E+00  0.640515E+01  0.161165E+05
  0.343222E+00  0.161783E+05  0.142394E+05  0.000000E+00  0.000000E+00  0.611514E+01  0.157783E+05
  0.348211E+00  0.158461E+05  0.139678E+05  0.000000E+00  0.000000E+00  0.581460E+01  0.154577E+05
  0.353199E+00  0.155260E+05  0.137056E+05  0.000000E+00  0.000000E+00  0.550616E+01  0.151488E+05
  0.358188E+00  0.152136E+05  0.134440E+05  0.000000E+00  0.000000E+00  0.526147E+01  0.148462E+05
  0.363177E+00  0.149056E+05  0.131779E+05  0.000000E+00  0.000000E+00  0.503842E+01  0.145467E+05
  0.368166E+00  0.146007E+05  0.129062E+05  0.000000E+00  0.000000E+00  0.478914E+01  0.142488E+05
  0.373155E+00  0.142999E+05  0.126318E+05  0.000000E+00  0.000000E+00  0.454240E+01  0.139538E+05
  0.378144E+00  0.140054E+05  0.123600E+05  0.000000E+00  0.000000E+00  0.434087E+01  0.136646E+05
  0.383133E+00  0.137196E+05  0.120963E+05  0.000000E+00  0.000000E+00  0.416147E+01  0.133838E+05
  0.388122E+00  0.134442E+05  0.118448E+05  0.000000E+00  0.000000E+00  0.396189E+01  0.131137E+05
  0.393110E+00  0.131800E+05  0.116079E+05  0.000000E+00  0.000000E+00  0.378803E+01  0.128554E+05
  0.398099E+00  0.129275E+05  0.113861E+05  0.000000E+00  0.000000E+00  0.364485E+01  0.126092E+05
  0.403088E+00  0.126861E+05  0.111780E+05  0.000000E+00  0.000000E+00  0.348172E+01  0.123745E+05
  0.408077E+00  0.124542E+05  0.109802E+05  0.000000E+00  0.000000E+00  0.330454E+01  0.121493E+05
  0.413066E+00  0.122295E+05  0.107890E+05  0.000000E+00  0.000000E+00  0.316804E+01  0.119313E+05
  0.418055E+00  0.120107E+05  0.106013E+05  0.000000E+00  0.000000E+00  0.306715E+01  0.117187E+05
  0.423044E+00  0.117967E+05  0.104154E+05  0.000000E+00  0.000000E+00  0.294019E+01  0.115104E+05
  0.428033E+00  0.115867E+05  0.102302E+05  0.000000E+00  0.000000E+00  0.280504E+01  0.113056E+05
  0.433021E+00  0.113806E+05  0.100461E+05  0.000000E+00  0.000000E+00  0.270437E+01  0.111041E+05
  0.438010E+00  0.111786E+05  0.986434E+04  0.000000E+00  0.000000E+00  0.260028E+01  0.109064E+05
  0.442999E+00  0.109817E+05  0.968670E+04  0.000000E+00  0.000000E+00  0.248781E+01  0.107136E+05
  0.447988E+00  0.107905E+05  0.951485E+04  0.000000E+00  0.000000E+00  0.239590E+01  0.105266E+05
  0.452977E+00  0.106053E+05  0.934970E+04  0.000000E+00  0.000000E+00  0.231593E+01  0.103456E+05
  0.457966E+00  0.104262E+05  0.919137E+04  0.000000E+00  0.000000E+00  0.222135E+01  0.101708E+05
  0.462955E+00  0.102527E+05  0.903946E+04  0.000000E+00  0.000000E+00  0.212018E+01  0.100018E+05
  0.467944E+00  0.100847E+05  0.889321E+04  0.000000E+00  0.000000E+00  0.204947E+01  0.983818E+04
  0.472932E+00  0.992157E+04  0.875157E+04  0.000000E+00  0.000000E+00  0.198071E+01  0.967939E+04
  0.477921E+00  0.976265E+04  0.861337E+04  0.000000E+00  0.000000E+00  0.190397E+01  0.952468E+04
  0.482910E+00  0.960729E+04  0.847760E+04  0.000000E+00  0.000000E+00  0.183894E+01  0.937332E+04
  0.487899E+00  0.945510E+04  0.834375E+04  0.000000E+00  0.000000E+00  0.178150E+01  0.922491E+04
  0.492888E+00  0.930608E+04  0.821189E+04  0.000000E+00  0.000000E+00  0.171764E+01  0.907946E+04
  0.497877E+00  0.916030E+04  0.808234E+04  0.000000E+00  0.000000E+00  0.164442E+01  0.893708E+04
  0.502866E+00  0.901781E+04  0.795545E+04  0.000000E+00  0.000000E+00  0.158533E+01  0.879787E+04
  0.507855E+00  0.887869E+04  0.783161E+04  0.000000E+00  0.000000E+00  0.154285E+01  0.866196E+04
  0.512843E+00  0.874305E+04  0.771118E+04  0.000000E+00  0.000000E+00  0.148774E+01  0.852950E+04
  0.517832E+00  0.861102E+04  0.759440E+04  0.000000E+00  0.000000E+00  0.143013E+01  0.840065E+04
  0.522821E+00  0.848252E+04  0.748121E+04  0.000000E+00  0.000000E+00  0.138324E+01  0.827531E+04
  0.527810E+00  0.835730E+04  0.737125E+04  0.000000E+00  0.000000E+00  0.134032E+01  0.815322E+04
  0.532799E+00  0.823511E+04  0.726414E+04  0.000000E+00  0.000000E+00  0.129404E+01  0.803412E+04
  0.537788E+00  0.811580E+04  0.715956E+04  0.000000E+00  0.000000E+00  0.125099E+01  0.791783E+04
  0.542777E+00  0.799920E+04  0.705723E+04  0.000000E+00  0.000000E+00  0.122262E+01  0.780416E+04
  0.547766E+00  0.788509E+04  0.695684E+04  0.000000E+00  0.000000E+00  0.117921E+01  0.769289E+04
  0.552755E+00  0.777327E+04  0.685821E+04  0.000000E+00  0.000000E+00  0.112831E+01  0.758380E+04
  0.557743E+00  0.766371E+04  0.676135E+04  0.000000E+00  0.000000E+00  0.109492E+01  0.747687E+04
  0.562732E+00  0.755647E+04  0.666642E+04  0.000000E+00  0.000000E+00  0.106754E+01  0.737219E+04
  0.567721E+00  0.745160E+04  0.657356E+04  0.000000E+00  0.000000E+00  0.103028E+01  0.726982E+04
  0.572710E+00  0.734902E+04  0.648279E+04  0.000000E+00  0.000000E+00  0.993872E+00  0.716970E+04
  0.577699E+00  0.724866E+04  0.639409E+04  0.000000E+00  0.000000E+00  0.971197E+00  0.707176E+04
  0.582688E+00  0.715052E+04  0.630748E+04  0.000000E+00  0.000000E+00  0.944279E+00  0.697601E+04
  0.630774E+00  0.630440E+04  0.556170E+04  0.000000E+00  0.000000E+00  0.713647E+00  0.615064E+04
  0.682829E+00  0.555371E+04  0.489961E+04  0.000000E+00  0.000000E+00  0.527350E+00  0.541828E+04
  0.739179E+00  0.488863E+04  0.431290E+04  0.000000E+00  0.000000E+00  0.396784E+00  0.476943E+04
  0.800180E+00  0.429998E+04  0.379363E+04  0.000000E+00  0.000000E+00  0.297307E+00  0.419514E+04
  0.866215E+00  0.377953E+04  0.333451E+04  0.000000E+00  0.000000E+00  0.225710E+00  0.368738E+04
  0.937699E+00  0.331985E+04  0.292900E+04  0.000000E+00  0.000000E+00  0.167931E+00  0.323892E+04
  0.101508E+01  0.291412E+04  0.257107E+04  0.000000E+00  0.000000E+00  0.126938E+00  0.284309E+04
  0.109885E+01  0.255634E+04  0.225543E+04  0.000000E+00  0.000000E+00  0.949745E-01  0.249403E+04
  0.118953E+01  0.224114E+04  0.197736E+04  0.000000E+00  0.000000E+00  0.703248E-01  0.218652E+04
  0.128770E+01  0.196364E+04  0.173253E+04  0.000000E+00  0.000000E+00  0.523618E-01  0.191578E+04
  0.139397E+01  0.171951E+04  0.151715E+04  0.000000E+00  0.000000E+00  0.543243E-01  0.167760E+04
  0.150901E+01  0.150490E+04  0.132781E+04  0.000000E+00  0.000000E+00  0.404341E-01  0.146822E+04
  0.163354E+01  0.131639E+04  0.116149E+04  0.000000E+00  0.000000E+00  0.304220E-01  0.128431E+04
  0.176834E+01  0.115088E+04  0.101547E+04  0.000000E+00  0.000000E+00  0.228712E-01  0.112284E+04
  0.191428E+01  0.100570E+04  0.887374E+03  0.000000E+00  0.000000E+00  0.166290E-01  0.981197E+03
  0.207225E+01  0.878412E+03  0.775065E+03  0.000000E+00  0.000000E+00  0.126903E-01  0.857009E+03
  0.224326E+01  0.766875E+03  0.676654E+03  0.000000E+00  0.000000E+00  0.972231E-02  0.748190E+03
  0.242839E+01  0.669204E+03  0.590476E+03  0.000000E+00  0.000000E+00  0.703178E-02  0.652900E+03
  0.262879E+01  0.583720E+03  0.515052E+03  0.000000E+00  0.000000E+00  0.512512E-02  0.569499E+03
  0.284573E+01  0.508942E+03  0.449071E+03  0.000000E+00  0.000000E+00  0.394223E-02  0.496543E+03
  0.308058E+01  0.443564E+03  0.391385E+03  0.000000E+00  0.000000E+00  0.281513E-02  0.432758E+03
  0.333480E+01  0.386433E+03  0.340975E+03  0.000000E+00  0.000000E+00  0.202890E-02  0.377019E+03
  0.361001E+01  0.336534E+03  0.296946E+03  0.000000E+00  0.000000E+00  0.163165E-02  0.328335E+03
  0.390792E+01  0.292970E+03  0.258506E+03  0.000000E+00  0.000000E+00  0.108402E-02  0.285833E+03
  0.423042E+01  0.254955E+03  0.224963E+03  0.000000E+00  0.000000E+00  0.826869E-03  0.248744E+03
  0.457954E+01  0.221796E+03  0.195704E+03  0.000000E+00  0.000000E+00  0.694266E-03  0.216392E+03
  0.495746E+01  0.192886E+03  0.170193E+03  0.000000E+00  0.000000E+00  0.455630E-03  0.188186E+03
  0.536658E+01  0.167689E+03  0.147960E+03  0.000000E+00  0.000000E+00  0.282300E-03  0.163603E+03
  0.580945E+01  0.145738E+03  0.128590E+03  0.000000E+00  0.000000E+00  0.237479E-03  0.142187E+03
  0.628888E+01  0.126621E+03  0.111722E+03  0.000000E+00  0.000000E+00  0.168460E-03  0.123536E+03
  0.680787E+01  0.109980E+03  0.970371E+02  0.000000E+00  0.000000E+00  0.107809E-03  0.107300E+03
  0.736969E+01  0.954984E+02  0.842582E+02  0.000000E+00  0.000000E+00  0.119390E-03  0.931708E+02
  0.797787E+01  0.829004E+02  0.731414E+02  0.000000E+00  0.000000E+00  0.504905E-04  0.808796E+02
  0.863624E+01  0.719449E+02  0.634739E+02  0.000000E+00  0.000000E+00  0.555150E-04  0.701909E+02
  0.934895E+01  0.624207E+02  0.550694E+02  0.000000E+00  0.000000E+00  0.409186E-04  0.608986E+02
  0.101205E+02  0.541434E+02  0.477651E+02  0.000000E+00  0.000000E+00  0.115292E-04  0.528228E+02
  0.109557E+02  0.469520E+02  0.414190E+02  0.000000E+00  0.000000E+00  0.268193E-04  0.458065E+02
  0.118598E+02  0.407058E+02  0.359070E+02  0.000000E+00  0.000000E+00 -0.494284E-05  0.397124E+02
  0.128385E+02  0.352823E+02  0.311210E+02  0.000000E+00  0.000000E+00 -0.269626E-05  0.344210E+02
  0.138980E+02  0.305744E+02  0.269664E+02  0.000000E+00  0.000000E+00  0.186822E-04  0.298277E+02
  0.150449E+02  0.264888E+02  0.233608E+02  0.000000E+00  0.000000E+00  0.353157E-05  0.258415E+02
  0.162865E+02  0.229441E+02  0.202326E+02  0.000000E+00  0.000000E+00  0.243651E-05  0.223831E+02
  0.176306E+02  0.198695E+02  0.175193E+02  0.000000E+00  0.000000E+00  0.902344E-05  0.193833E+02
  0.190855E+02  0.172033E+02  0.151663E+02  0.000000E+00  0.000000E+00  0.148422E-04  0.167820E+02
  0.206606E+02  0.148919E+02  0.131264E+02  0.000000E+00  0.000000E+00 -0.168762E-05  0.145269E+02
  0.223656E+02  0.128885E+02  0.113583E+02  0.000000E+00  0.000000E+00  0.183837E-05  0.125722E+02
  0.242113E+02  0.111524E+02  0.982607E+01  0.000000E+00  0.000000E+00 -0.416121E-05  0.108784E+02
  0.262093E+02  0.964841E+01  0.849863E+01  0.000000E+00  0.000000E+00 -0.832258E-06  0.941092E+01
  0.283722E+02  0.834567E+01  0.734880E+01  0.000000E+00  0.000000E+00 -0.171358E-05  0.813986E+01
  0.307137E+02  0.721751E+01  0.635304E+01  0.000000E+00  0.000000E+00 -0.472877E-05  0.703914E+01
  0.332483E+02  0.624075E+01  0.549088E+01  0.000000E+00  0.000000E+00  0.123796E-05  0.608613E+01
  0.359921E+02  0.539523E+01  0.474453E+01  0.000000E+00  0.000000E+00 -0.392717E-05  0.526115E+01
  0.389624E+02  0.466346E+01  0.409856E+01  0.000000E+00  0.000000E+00  0.449001E-05  0.454717E+01
  0.421777E+02  0.403026E+01  0.353958E+01  0.000000E+00  0.000000E+00 -0.183061E-05  0.392935E+01
  0.456584E+02  0.348246E+01  0.305595E+01  0.000000E+00  0.000000E+00 -0.112904E-05  0.339485E+01
  0.494264E+02  0.300861E+01  0.263759E+01  0.000000E+00  0.000000E+00 -0.256893E-05  0.293251E+01
  0.535053E+02  0.259882E+01  0.227576E+01  0.000000E+00  0.000000E+00  0.136659E-05  0.253265E+01
  0.579208E+02  0.224447E+01  0.196286E+01  0.000000E+00  0.000000E+00  0.196471E-05  0.218690E+01
  0.627007E+02  0.193813E+01  0.169232E+01  0.000000E+00  0.000000E+00  0.117418E-05  0.188798E+01
  0.678751E+02  0.167332E+01  0.145845E+01  0.000000E+00  0.000000E+00  0.780421E-06  0.162959E+01
  0.734765E+02  0.144446E+01  0.125630E+01  0.000000E+00  0.000000E+00  0.187864E-06  0.140627E+01
  0.795402E+02  0.124669E+01  0.108159E+01  0.000000E+00  0.000000E+00  0.183693E-06  0.121329E+01
  0.861042E+02  0.107582E+01  0.930629E+00  0.000000E+00  0.000000E+00 -0.526317E-06  0.104655E+01
  0.932099E+02  0.928215E+00  0.800199E+00  0.000000E+00  0.000000E+00 -0.789989E-06  0.902508E+00
  0.100902E+03  0.800719E+00  0.687528E+00  0.000000E+00  0.000000E+00 -0.559296E-06  0.778089E+00
  0.109229E+03  0.690610E+00  0.590212E+00  0.000000E+00  0.000000E+00 -0.311572E-06  0.670637E+00
  0.118243E+03  0.595531E+00  0.506171E+00  0.000000E+00  0.000000E+00 -0.302154E-06  0.577849E+00
  0.128001E+03  0.513441E+00  0.433608E+00  0.000000E+00  0.000000E+00  0.535408E-06  0.497738E+00
  0.138564E+03  0.442575E+00  0.370967E+00  0.000000E+00  0.000000E+00  0.504952E-08  0.428581E+00
  0.149999E+03  0.381407E+00  0.316904E+00  0.000000E+00  0.000000E+00  0.153517E-06  0.368888E+00
  0.162378E+03  0.328616E+00  0.270257E+00  0.000000E+00  0.000000E+00  0.194402E-06  0.317372E+00
  0.175778E+03  0.283062E+00  0.230024E+00  0.000000E+00  0.000000E+00 -0.184140E-06  0.272922E+00
  0.190285E+03  0.243758E+00  0.195337E+00  0.000000E+00  0.000000E+00 -0.852256E-07  0.234574E+00
  0.205988E+03  0.209851E+00  0.165449E+00  0.000000E+00  0.000000E+00  0.143648E-06  0.201498E+00
  0.222987E+03  0.180604E+00  0.139715E+00  0.000000E+00  0.000000E+00 -0.459218E-07  0.172975E+00
  0.241389E+03  0.155380E+00  0.117580E+00  0.000000E+00  0.000000E+00 -0.436214E-07  0.148386E+00
  0.261309E+03  0.133631E+00  0.985640E-01  0.000000E+00  0.000000E+00  0.737648E-07  0.127196E+00
  0.282874E+03  0.114881E+00  0.822550E-01  0.000000E+00  0.000000E+00  0.309876E-07  0.108941E+00
  0.306218E+03  0.987201E-01  0.682983E-01  0.000000E+00  0.000000E+00 -0.420386E-07  0.932238E-01
  0.331489E+03  0.847945E-01  0.563882E-01  0.000000E+00  0.000000E+00  0.198165E-07  0.796994E-01
  0.358845E+03  0.727984E-01  0.462615E-01  0.000000E+00  0.000000E+00  0.426489E-07  0.680710E-01
  0.388459E+03  0.624685E-01  0.376912E-01  0.000000E+00  0.000000E+00 -0.381470E-07  0.580822E-01
