  0.971146E-05  0.105213E+07  0.105213E+07  0.140281E+07  0.140281E+07  0.107271E+07  0.105223E+07
  0.107227E-04  0.105213E+07  0.105213E+07  0.140280E+07  0.140280E+07  0.107271E+07  0.105223E+07
  0.118393E-04  0.105213E+07  0.105213E+07  0.140279E+07  0.140279E+07  0.107271E+07  0.105223E+07
  0.130721E-04  0.105213E+07  0.105213E+07  0.140278E+07  0.140278E+07  0.107271E+07  0.105223E+07
  0.144334E-04  0.105213E+07  0.105213E+07  0.140277E+07  0.140277E+07  0.107270E+07  0.105223E+07
  0.159363E-04  0.105213E+07  0.105213E+07  0.140275E+07  0.140275E+07  0.107270E+07  0.105223E+07
  0.175958E-04  0.105213E+07  0.105213E+07  0.140273E+07  0.140273E+07  0.107269E+07  0.105223E+07
  0.194281E-04  0.105213E+07  0.105213E+07  0.140271E+07  0.140271E+07  0.107269E+07  0.105223E+07
  0.214511E-04  0.105213E+07  0.105213E+07  0.140268E+07  0.140268E+07  0.107268E+07  0.105223E+07
  0.236849E-04  0.105213E+07  0.105213E+07  0.140265E+07  0.140264E+07  0.107267E+07  0.105223E+07
  0.261512E-04  0.105213E+07  0.105213E+07  0.140260E+07  0.140260E+07  0.107266E+07  0.105223E+07
  0.288744E-04  0.105212E+07  0.105212E+07  0.140255E+07  0.140254E+07  0.107265E+07  0.105223E+07
  0.318811E-04  0.105212E+07  0.105212E+07  0.140249E+07  0.140248E+07  0.107264E+07  0.105222E+07
  0.352009E-04  0.105212E+07  0.105212E+07  0.140241E+07  0.140240E+07  0.107262E+07  0.105222E+07
  0.388664E-04  0.105212E+07  0.105212E+07  0.140232E+07  0.140230E+07  0.107260E+07  0.105222E+07
  0.429136E-04  0.105212E+07  0.105212E+07  0.140221E+07  0.140219E+07  0.107257E+07  0.105222E+07
  0.473823E-04  0.105212E+07  0.105212E+07  0.140207E+07  0.140204E+07  0.107254E+07  0.105222E+07
  0.523163E-04  0.105211E+07  0.105211E+07  0.140190E+07  0.140187E+07  0.107250E+07  0.105221E+07
  0.577640E-04  0.105211E+07  0.105211E+07  0.140169E+07  0.140166E+07  0.107245E+07  0.105221E+07
  0.637791E-04  0.105210E+07  0.105210E+07  0.140144E+07  0.140140E+07  0.107239E+07  0.105220E+07
  0.704205E-04  0.105210E+07  0.105210E+07  0.140113E+07  0.140108E+07  0.107232E+07  0.105220E+07
  0.777535E-04  0.105209E+07  0.105209E+07  0.140076E+07  0.140070E+07  0.107223E+07  0.105219E+07
  0.858500E-04  0.105208E+07  0.105208E+07  0.140030E+07  0.140023E+07  0.107212E+07  0.105218E+07
  0.947897E-04  0.105207E+07  0.105207E+07  0.139975E+07  0.139966E+07  0.107199E+07  0.105217E+07
  0.104660E-03  0.105206E+07  0.105206E+07  0.139907E+07  0.139896E+07  0.107183E+07  0.105216E+07
  0.115559E-03  0.105204E+07  0.105204E+07  0.139824E+07  0.139812E+07  0.107163E+07  0.105214E+07
  0.127592E-03  0.105202E+07  0.105202E+07  0.139724E+07  0.139708E+07  0.107139E+07  0.105212E+07
  0.140878E-03  0.105200E+07  0.105200E+07  0.139601E+07  0.139582E+07  0.107110E+07  0.105209E+07
  0.155548E-03  0.105197E+07  0.105197E+07  0.139452E+07  0.139429E+07  0.107075E+07  0.105206E+07
  0.171746E-03  0.105194E+07  0.105194E+07  0.139270E+07  0.139243E+07  0.107032E+07  0.105203E+07
  0.189630E-03  0.105190E+07  0.105189E+07  0.139049E+07  0.139015E+07  0.106980E+07  0.105198E+07
  0.209376E-03  0.105185E+07  0.105184E+07  0.138780E+07  0.138739E+07  0.106916E+07  0.105193E+07
  0.231179E-03  0.105178E+07  0.105178E+07  0.138452E+07  0.138402E+07  0.106838E+07  0.105186E+07
  0.255252E-03  0.105171E+07  0.105170E+07  0.138054E+07  0.137993E+07  0.106743E+07  0.105178E+07
  0.281831E-03  0.105162E+07  0.105161E+07  0.137570E+07  0.137496E+07  0.106628E+07  0.105169E+07
  0.311179E-03  0.105150E+07  0.105149E+07  0.136981E+07  0.136892E+07  0.106487E+07  0.105157E+07
  0.343582E-03  0.105137E+07  0.105135E+07  0.136267E+07  0.136158E+07  0.106316E+07  0.105142E+07
  0.379360E-03  0.105120E+07  0.105118E+07  0.135401E+07  0.135270E+07  0.106109E+07  0.105124E+07
  0.418863E-03  0.105100E+07  0.105097E+07  0.134352E+07  0.134193E+07  0.105856E+07  0.105103E+07
  0.462480E-03  0.105075E+07  0.105072E+07  0.133083E+07  0.132892E+07  0.105550E+07  0.105077E+07
  0.510638E-03  0.105045E+07  0.105042E+07  0.131551E+07  0.131321E+07  0.105178E+07  0.105045E+07
  0.563812E-03  0.105008E+07  0.105004E+07  0.129705E+07  0.129429E+07  0.104727E+07  0.105006E+07
  0.622522E-03  0.104964E+07  0.104959E+07  0.127487E+07  0.127156E+07  0.104181E+07  0.104959E+07
  0.687346E-03  0.104910E+07  0.104904E+07  0.124829E+07  0.124436E+07  0.103521E+07  0.104902E+07
  0.758921E-03  0.104844E+07  0.104837E+07  0.121658E+07  0.121193E+07  0.102725E+07  0.104833E+07
  0.837948E-03  0.104765E+07  0.104756E+07  0.117891E+07  0.117345E+07  0.101768E+07  0.104749E+07
  0.925205E-03  0.104669E+07  0.104658E+07  0.113444E+07  0.112807E+07  0.100618E+07  0.104647E+07
  0.102155E-02  0.104552E+07  0.104540E+07  0.108230E+07  0.107497E+07  0.992426E+06  0.104524E+07
  0.112792E-02  0.104412E+07  0.104397E+07  0.102173E+07  0.101338E+07  0.976043E+06  0.104376E+07
  0.124537E-02  0.104243E+07  0.104224E+07  0.952132E+06  0.942780E+06  0.956625E+06  0.104198E+07
  0.137506E-02  0.104040E+07  0.104017E+07  0.873239E+06  0.862976E+06  0.933753E+06  0.103984E+07
  0.151824E-02  0.103796E+07  0.103769E+07  0.785324E+06  0.774348E+06  0.907013E+06  0.103728E+07
  0.167634E-02  0.103506E+07  0.103472E+07  0.689428E+06  0.678069E+06  0.876035E+06  0.103423E+07
  0.185090E-02  0.103161E+07  0.103119E+07  0.587617E+06  0.576350E+06  0.840547E+06  0.103060E+07
  0.204364E-02  0.102752E+07  0.102702E+07  0.483192E+06  0.472619E+06  0.800436E+06  0.102633E+07
  0.225644E-02  0.102271E+07  0.102210E+07  0.380763E+06  0.371547E+06  0.755839E+06  0.102131E+07
  0.249141E-02  0.101709E+07  0.101635E+07  0.286036E+06  0.278755E+06  0.707224E+06  0.101545E+07
  0.275084E-02  0.101057E+07  0.100967E+07  0.205143E+06  0.200068E+06  0.655475E+06  0.100868E+07
  0.303729E-02  0.100305E+07  0.100196E+07  0.143389E+06  0.140218E+06  0.601921E+06  0.100091E+07
  0.335357E-02  0.994470E+06  0.993144E+06  0.103501E+06  0.101170E+06  0.548296E+06  0.992068E+06
  0.370278E-02  0.984745E+06  0.983137E+06  0.838510E+05  0.806353E+05  0.496558E+06  0.982091E+06
  0.408835E-02  0.973817E+06  0.971870E+06  0.776994E+05  0.718420E+05  0.448573E+06  0.970926E+06
  0.451408E-02  0.961632E+06  0.959275E+06  0.748112E+05  0.656988E+05  0.405675E+06  0.958523E+06
  0.498414E-02  0.948134E+06  0.945284E+06  0.661103E+05  0.554273E+05  0.368254E+06  0.944827E+06
  0.550314E-02  0.933293E+06  0.929853E+06  0.495858E+05  0.411618E+05  0.338715E+06  0.929817E+06
  0.607619E-02  0.916998E+06  0.912850E+06  0.323268E+05  0.295893E+05  0.308178E+06  0.913336E+06
  0.670891E-02  0.899208E+06  0.894215E+06  0.237320E+05  0.261374E+05  0.278530E+06  0.895349E+06
  0.740752E-02  0.879866E+06  0.873868E+06  0.237049E+05  0.000000E+00  0.247810E+06  0.875786E+06
  0.817888E-02  0.858901E+06  0.851712E+06  0.217496E+05  0.000000E+00  0.218377E+06  0.854584E+06
  0.903055E-02  0.836254E+06  0.827660E+06  0.139596E+05  0.000000E+00  0.190550E+06  0.831681E+06
  0.997092E-02  0.811869E+06  0.801626E+06  0.100877E+05  0.000000E+00  0.165037E+06  0.807019E+06
  0.110092E-01  0.785686E+06  0.773524E+06  0.107634E+05  0.000000E+00  0.142939E+06  0.780541E+06
  0.121556E-01  0.757656E+06  0.743278E+06  0.691586E+04  0.000000E+00  0.123430E+06  0.752188E+06
  0.134214E-01  0.727737E+06  0.710830E+06  0.555668E+04  0.000000E+00  0.104286E+06  0.721906E+06
  0.148190E-01  0.695907E+06  0.676150E+06  0.490225E+04  0.000000E+00  0.867713E+05  0.689678E+06
  0.163621E-01  0.662939E+06  0.640031E+06  0.323411E+04  0.000000E+00  0.731372E+05  0.656287E+06
  0.180659E-01  0.627529E+06  0.601214E+06  0.283618E+04  0.000000E+00  0.603504E+05  0.620427E+06
  0.199471E-01  0.590442E+06  0.560556E+06  0.223183E+04  0.000000E+00  0.492889E+05  0.582880E+06
  0.220242E-01  0.551356E+06  0.517888E+06  0.139376E+04  0.000000E+00  0.400417E+05  0.543352E+06
  0.243176E-01  0.511662E+06  0.474818E+06  0.122894E+04  0.000000E+00  0.318783E+05  0.503257E+06
  0.268499E-01  0.471790E+06  0.432077E+06  0.102106E+04  0.000000E+00  0.253912E+05  0.463077E+06
  0.296458E-01  0.431863E+06  0.390156E+06  0.785832E+03  0.000000E+00  0.198719E+05  0.422991E+06
  0.327328E-01  0.392910E+06  0.350495E+06  0.682666E+03  0.000000E+00  0.154943E+05  0.384091E+06
  0.361414E-01  0.356279E+06  0.314828E+06  0.453043E+03  0.000000E+00  0.119874E+05  0.347780E+06
  0.399048E-01  0.322821E+06  0.284257E+06  0.307723E+03  0.000000E+00  0.923789E+04  0.314947E+06
  0.438953E-01  0.294220E+06  0.260218E+06  0.000000E+00  0.000000E+00  0.717426E+04  0.287226E+06
  0.478858E-01  0.271655E+06  0.243001E+06  0.000000E+00  0.000000E+00  0.573014E+04  0.265643E+06
  0.518762E-01  0.253297E+06  0.230001E+06  0.000000E+00  0.000000E+00  0.466171E+04  0.248250E+06
  0.558667E-01  0.237785E+06  0.219198E+06  0.000000E+00  0.000000E+00  0.387335E+04  0.233585E+06
  0.598572E-01  0.224085E+06  0.209103E+06  0.000000E+00  0.000000E+00  0.321578E+04  0.220541E+06
  0.638477E-01  0.211270E+06  0.198578E+06  0.000000E+00  0.000000E+00  0.274861E+04  0.208163E+06
  0.678382E-01  0.198742E+06  0.187055E+06  0.000000E+00  0.000000E+00  0.230798E+04  0.195859E+06
  0.718286E-01  0.186594E+06  0.174850E+06  0.000000E+00  0.000000E+00  0.196633E+04  0.183760E+06
  0.758191E-01  0.174421E+06  0.161920E+06  0.000000E+00  0.000000E+00  0.165692E+04  0.171520E+06
  0.798096E-01  0.162761E+06  0.149212E+06  0.000000E+00  0.000000E+00  0.140556E+04  0.159744E+06
  0.838001E-01  0.151897E+06  0.137391E+06  0.000000E+00  0.000000E+00  0.119775E+04  0.148775E+06
  0.887890E-01  0.139791E+06  0.124656E+06  0.000000E+00  0.000000E+00  0.990237E+03  0.136624E+06
  0.937778E-01  0.129638E+06  0.114772E+06  0.000000E+00  0.000000E+00  0.829923E+03  0.126564E+06
  0.987667E-01  0.121533E+06  0.107819E+06  0.000000E+00  0.000000E+00  0.707225E+03  0.118687E+06
  0.103756E+00  0.115176E+06  0.103227E+06  0.000000E+00  0.000000E+00  0.611499E+03  0.112651E+06
  0.108744E+00  0.110001E+06  0.100024E+06  0.000000E+00  0.000000E+00  0.536228E+03  0.107825E+06
  0.113733E+00  0.105405E+06  0.971981E+05  0.000000E+00  0.000000E+00  0.473827E+03  0.103542E+06
  0.118722E+00  0.100925E+06  0.939876E+05  0.000000E+00  0.000000E+00  0.418623E+03  0.992928E+05
  0.123711E+00  0.962935E+05  0.899962E+05  0.000000E+00  0.000000E+00  0.369281E+03  0.947888E+05
  0.128700E+00  0.914415E+05  0.852041E+05  0.000000E+00  0.000000E+00  0.325335E+03  0.899702E+05
  0.133689E+00  0.864636E+05  0.798904E+05  0.000000E+00  0.000000E+00  0.286154E+03  0.849612E+05
  0.138678E+00  0.815559E+05  0.745009E+05  0.000000E+00  0.000000E+00  0.251117E+03  0.799982E+05
  0.143667E+00  0.769610E+05  0.695178E+05  0.000000E+00  0.000000E+00  0.220913E+03  0.753618E+05
  0.148655E+00  0.729012E+05  0.653333E+05  0.000000E+00  0.000000E+00  0.195838E+03  0.713013E+05
  0.153644E+00  0.694903E+05  0.621289E+05  0.000000E+00  0.000000E+00  0.175547E+03  0.679410E+05
  0.158633E+00  0.666896E+05  0.598308E+05  0.000000E+00  0.000000E+00  0.158563E+03  0.652365E+05
  0.163622E+00  0.643565E+05  0.581856E+05  0.000000E+00  0.000000E+00  0.144004E+03  0.630279E+05
  0.168611E+00  0.623213E+05  0.568786E+05  0.000000E+00  0.000000E+00  0.131539E+03  0.611223E+05
  0.173600E+00  0.604173E+05  0.556073E+05  0.000000E+00  0.000000E+00  0.120682E+03  0.593315E+05
  0.178589E+00  0.584942E+05  0.541285E+05  0.000000E+00  0.000000E+00  0.110916E+03  0.574908E+05
  0.183578E+00  0.564596E+05  0.523166E+05  0.000000E+00  0.000000E+00  0.101477E+03  0.555027E+05
  0.188566E+00  0.543123E+05  0.501963E+05  0.000000E+00  0.000000E+00  0.925218E+02  0.533703E+05
  0.193555E+00  0.521210E+05  0.479052E+05  0.000000E+00  0.000000E+00  0.843105E+02  0.511733E+05
  0.198544E+00  0.499740E+05  0.456189E+05  0.000000E+00  0.000000E+00  0.769436E+02  0.490138E+05
  0.203533E+00  0.479527E+05  0.434995E+05  0.000000E+00  0.000000E+00  0.703199E+02  0.469863E+05
  0.208522E+00  0.461236E+05  0.416686E+05  0.000000E+00  0.000000E+00  0.643913E+02  0.451659E+05
  0.213511E+00  0.445226E+05  0.401820E+05  0.000000E+00  0.000000E+00  0.593386E+02  0.435914E+05
  0.218500E+00  0.431410E+05  0.390165E+05  0.000000E+00  0.000000E+00  0.550168E+02  0.422522E+05
  0.223489E+00  0.419329E+05  0.380868E+05  0.000000E+00  0.000000E+00  0.512119E+02  0.410957E+05
  0.228478E+00  0.408353E+05  0.372796E+05  0.000000E+00  0.000000E+00  0.477042E+02  0.400512E+05
  0.233466E+00  0.397850E+05  0.364852E+05  0.000000E+00  0.000000E+00  0.445119E+02  0.390481E+05
  0.238455E+00  0.387305E+05  0.356204E+05  0.000000E+00  0.000000E+00  0.416569E+02  0.380299E+05
  0.243444E+00  0.376441E+05  0.346461E+05  0.000000E+00  0.000000E+00  0.389677E+02  0.369672E+05
  0.248433E+00  0.365265E+05  0.335719E+05  0.000000E+00  0.000000E+00  0.363397E+02  0.358623E+05
  0.253422E+00  0.353997E+05  0.324430E+05  0.000000E+00  0.000000E+00  0.337804E+02  0.347406E+05
  0.258411E+00  0.342938E+05  0.313194E+05  0.000000E+00  0.000000E+00  0.314400E+02  0.336372E+05
  0.263400E+00  0.332391E+05  0.302590E+05  0.000000E+00  0.000000E+00  0.293820E+02  0.325867E+05
  0.268389E+00  0.322601E+05  0.293057E+05  0.000000E+00  0.000000E+00  0.274963E+02  0.316167E+05
  0.273377E+00  0.313695E+05  0.284798E+05  0.000000E+00  0.000000E+00  0.257546E+02  0.307411E+05
  0.278366E+00  0.305644E+05  0.277742E+05  0.000000E+00  0.000000E+00  0.241919E+02  0.299562E+05
  0.283355E+00  0.298293E+05  0.271608E+05  0.000000E+00  0.000000E+00  0.227964E+02  0.292447E+05
  0.288344E+00  0.291428E+05  0.266010E+05  0.000000E+00  0.000000E+00  0.215641E+02  0.285824E+05
  0.293333E+00  0.284830E+05  0.260572E+05  0.000000E+00  0.000000E+00  0.203663E+02  0.279449E+05
  0.298322E+00  0.278318E+05  0.254998E+05  0.000000E+00  0.000000E+00  0.192440E+02  0.273124E+05
  0.303311E+00  0.271785E+05  0.249134E+05  0.000000E+00  0.000000E+00  0.182068E+02  0.266733E+05
  0.308300E+00  0.265213E+05  0.242983E+05  0.000000E+00  0.000000E+00  0.172192E+02  0.260262E+05
  0.313288E+00  0.258663E+05  0.236680E+05  0.000000E+00  0.000000E+00  0.162768E+02  0.253784E+05
  0.318277E+00  0.252238E+05  0.230426E+05  0.000000E+00  0.000000E+00  0.153261E+02  0.247418E+05
  0.323266E+00  0.246047E+05  0.224426E+05  0.000000E+00  0.000000E+00  0.144813E+02  0.241289E+05
  0.328255E+00  0.240174E+05  0.218834E+05  0.000000E+00  0.000000E+00  0.137277E+02  0.235491E+05
  0.333244E+00  0.234661E+05  0.213727E+05  0.000000E+00  0.000000E+00  0.130445E+02  0.230072E+05
  0.338233E+00  0.229505E+05  0.209092E+05  0.000000E+00  0.000000E+00  0.123906E+02  0.225027E+05
  0.343222E+00  0.224661E+05  0.204847E+05  0.000000E+00  0.000000E+00  0.117483E+02  0.220305E+05
  0.348211E+00  0.220059E+05  0.200869E+05  0.000000E+00  0.000000E+00  0.111914E+02  0.215828E+05
  0.353199E+00  0.215626E+05  0.197029E+05  0.000000E+00  0.000000E+00  0.106775E+02  0.211514E+05
  0.358188E+00  0.211296E+05  0.193220E+05  0.000000E+00  0.000000E+00  0.101990E+02  0.207291E+05
  0.363177E+00  0.207022E+05  0.189374E+05  0.000000E+00  0.000000E+00  0.971122E+01  0.203108E+05
  0.368166E+00  0.202787E+05  0.185477E+05  0.000000E+00  0.000000E+00  0.924114E+01  0.198949E+05
  0.373155E+00  0.198603E+05  0.181562E+05  0.000000E+00  0.000000E+00  0.881470E+01  0.194830E+05
  0.378144E+00  0.194506E+05  0.177695E+05  0.000000E+00  0.000000E+00  0.840704E+01  0.190791E+05
  0.383133E+00  0.190531E+05  0.173943E+05  0.000000E+00  0.000000E+00  0.802499E+01  0.186872E+05
  0.388122E+00  0.186700E+05  0.170356E+05  0.000000E+00  0.000000E+00  0.764970E+01  0.183100E+05
  0.393110E+00  0.183029E+05  0.166964E+05  0.000000E+00  0.000000E+00  0.732060E+01  0.179493E+05
  0.398099E+00  0.179523E+05  0.163772E+05  0.000000E+00  0.000000E+00  0.701899E+01  0.176056E+05
  0.403088E+00  0.176174E+05  0.160763E+05  0.000000E+00  0.000000E+00  0.672136E+01  0.172779E+05
  0.408077E+00  0.172956E+05  0.157896E+05  0.000000E+00  0.000000E+00  0.642888E+01  0.169634E+05
  0.413066E+00  0.169841E+05  0.155123E+05  0.000000E+00  0.000000E+00  0.614759E+01  0.166591E+05
  0.418055E+00  0.166805E+05  0.152406E+05  0.000000E+00  0.000000E+00  0.590961E+01  0.163622E+05
  0.423044E+00  0.163835E+05  0.149723E+05  0.000000E+00  0.000000E+00  0.568160E+01  0.160713E+05
  0.428033E+00  0.160919E+05  0.147061E+05  0.000000E+00  0.000000E+00  0.544689E+01  0.157854E+05
  0.433021E+00  0.158055E+05  0.144421E+05  0.000000E+00  0.000000E+00  0.521203E+01  0.155040E+05
  0.438010E+00  0.155248E+05  0.141820E+05  0.000000E+00  0.000000E+00  0.499540E+01  0.152281E+05
  0.442999E+00  0.152510E+05  0.139279E+05  0.000000E+00  0.000000E+00  0.481420E+01  0.149589E+05
  0.447988E+00  0.149853E+05  0.136819E+05  0.000000E+00  0.000000E+00  0.463740E+01  0.146977E+05
  0.452977E+00  0.147280E+05  0.134451E+05  0.000000E+00  0.000000E+00  0.445446E+01  0.144451E+05
  0.457966E+00  0.144792E+05  0.132175E+05  0.000000E+00  0.000000E+00  0.427752E+01  0.142010E+05
  0.462955E+00  0.142384E+05  0.129987E+05  0.000000E+00  0.000000E+00  0.411597E+01  0.139650E+05
  0.467944E+00  0.140052E+05  0.127878E+05  0.000000E+00  0.000000E+00  0.397155E+01  0.137365E+05
  0.472932E+00  0.137788E+05  0.125834E+05  0.000000E+00  0.000000E+00  0.382111E+01  0.135148E+05
  0.477921E+00  0.135582E+05  0.123840E+05  0.000000E+00  0.000000E+00  0.367375E+01  0.132988E+05
  0.482910E+00  0.133425E+05  0.121883E+05  0.000000E+00  0.000000E+00  0.354185E+01  0.130875E+05
  0.487899E+00  0.131312E+05  0.119957E+05  0.000000E+00  0.000000E+00  0.342322E+01  0.128803E+05
  0.492888E+00  0.129242E+05  0.118063E+05  0.000000E+00  0.000000E+00  0.330613E+01  0.126772E+05
  0.497877E+00  0.127217E+05  0.116203E+05  0.000000E+00  0.000000E+00  0.317929E+01  0.124784E+05
  0.502866E+00  0.125237E+05  0.114383E+05  0.000000E+00  0.000000E+00  0.306421E+01  0.122840E+05
  0.507855E+00  0.123304E+05  0.112606E+05  0.000000E+00  0.000000E+00  0.296629E+01  0.120942E+05
  0.512843E+00  0.121420E+05  0.110877E+05  0.000000E+00  0.000000E+00  0.287569E+01  0.119093E+05
  0.517832E+00  0.119586E+05  0.109199E+05  0.000000E+00  0.000000E+00  0.277521E+01  0.117294E+05
  0.522821E+00  0.117802E+05  0.107571E+05  0.000000E+00  0.000000E+00  0.266789E+01  0.115544E+05
  0.527810E+00  0.116063E+05  0.105989E+05  0.000000E+00  0.000000E+00  0.257695E+01  0.113839E+05
  0.532799E+00  0.114367E+05  0.104446E+05  0.000000E+00  0.000000E+00  0.249824E+01  0.112176E+05
  0.537788E+00  0.112710E+05  0.102940E+05  0.000000E+00  0.000000E+00  0.242423E+01  0.110553E+05
  0.542777E+00  0.111091E+05  0.101467E+05  0.000000E+00  0.000000E+00  0.234064E+01  0.108965E+05
  0.547766E+00  0.109507E+05  0.100023E+05  0.000000E+00  0.000000E+00  0.226097E+01  0.107412E+05
  0.552755E+00  0.107954E+05  0.986046E+04  0.000000E+00  0.000000E+00  0.219316E+01  0.105889E+05
  0.557743E+00  0.106432E+05  0.972126E+04  0.000000E+00  0.000000E+00  0.212784E+01  0.104396E+05
  0.562732E+00  0.104942E+05  0.958488E+04  0.000000E+00  0.000000E+00  0.206107E+01  0.102934E+05
  0.567721E+00  0.103486E+05  0.945149E+04  0.000000E+00  0.000000E+00  0.199034E+01  0.101505E+05
  0.572710E+00  0.102061E+05  0.932107E+04  0.000000E+00  0.000000E+00  0.193039E+01  0.100107E+05
  0.577699E+00  0.100667E+05  0.919360E+04  0.000000E+00  0.000000E+00  0.187613E+01  0.987393E+04
  0.582688E+00  0.993042E+04  0.906909E+04  0.000000E+00  0.000000E+00  0.181765E+01  0.974024E+04
  0.630774E+00  0.875539E+04  0.799658E+04  0.000000E+00  0.000000E+00  0.136795E+01  0.858781E+04
  0.682829E+00  0.771286E+04  0.704457E+04  0.000000E+00  0.000000E+00  0.102372E+01  0.756526E+04
  0.739179E+00  0.678922E+04  0.620101E+04  0.000000E+00  0.000000E+00  0.770530E+00  0.665930E+04
  0.800180E+00  0.597172E+04  0.545439E+04  0.000000E+00  0.000000E+00  0.579225E+00  0.585745E+04
  0.866215E+00  0.524893E+04  0.479427E+04  0.000000E+00  0.000000E+00  0.437186E+00  0.514850E+04
  0.937699E+00  0.461054E+04  0.421122E+04  0.000000E+00  0.000000E+00  0.325968E+00  0.452233E+04
  0.101508E+01  0.404707E+04  0.369659E+04  0.000000E+00  0.000000E+00  0.244437E+00  0.396965E+04
  0.109885E+01  0.355019E+04  0.324277E+04  0.000000E+00  0.000000E+00  0.182654E+00  0.348228E+04
  0.118953E+01  0.311246E+04  0.284296E+04  0.000000E+00  0.000000E+00  0.136531E+00  0.305292E+04
  0.128770E+01  0.272706E+04  0.249095E+04  0.000000E+00  0.000000E+00  0.102039E+00  0.267490E+04
  0.139397E+01  0.238802E+04  0.218128E+04  0.000000E+00  0.000000E+00  0.105517E+00  0.234234E+04
  0.150901E+01  0.208997E+04  0.190905E+04  0.000000E+00  0.000000E+00  0.780912E-01  0.205000E+04
  0.163354E+01  0.182817E+04  0.166992E+04  0.000000E+00  0.000000E+00  0.586049E-01  0.179321E+04
  0.176834E+01  0.159833E+04  0.145998E+04  0.000000E+00  0.000000E+00  0.435295E-01  0.156776E+04
  0.191428E+01  0.139670E+04  0.127581E+04  0.000000E+00  0.000000E+00  0.327087E-01  0.136999E+04
  0.207225E+01  0.121992E+04  0.111434E+04  0.000000E+00  0.000000E+00  0.242858E-01  0.119660E+04
  0.224326E+01  0.106502E+04  0.972847E+03  0.000000E+00  0.000000E+00  0.179836E-01  0.104466E+04
  0.242839E+01  0.929379E+03  0.848946E+03  0.000000E+00  0.000000E+00  0.137058E-01  0.911608E+03
  0.262879E+01  0.810661E+03  0.740504E+03  0.000000E+00  0.000000E+00  0.102654E-01  0.795161E+03
  0.284573E+01  0.706810E+03  0.645641E+03  0.000000E+00  0.000000E+00  0.745534E-02  0.693296E+03
  0.308058E+01  0.616015E+03  0.562704E+03  0.000000E+00  0.000000E+00  0.553402E-02  0.604236E+03
  0.333480E+01  0.536672E+03  0.490228E+03  0.000000E+00  0.000000E+00  0.400106E-02  0.526411E+03
  0.361001E+01  0.467373E+03  0.426925E+03  0.000000E+00  0.000000E+00  0.300399E-02  0.458437E+03
  0.390792E+01  0.406872E+03  0.371659E+03  0.000000E+00  0.000000E+00  0.225886E-02  0.399092E+03
  0.423042E+01  0.354078E+03  0.323433E+03  0.000000E+00  0.000000E+00  0.171132E-02  0.347307E+03
  0.457954E+01  0.308027E+03  0.281366E+03  0.000000E+00  0.000000E+00  0.128936E-02  0.302137E+03
  0.495746E+01  0.267876E+03  0.244690E+03  0.000000E+00  0.000000E+00  0.965096E-03  0.262754E+03
  0.536658E+01  0.232883E+03  0.212724E+03  0.000000E+00  0.000000E+00  0.702810E-03  0.228430E+03
  0.580945E+01  0.202398E+03  0.184876E+03  0.000000E+00  0.000000E+00  0.561434E-03  0.198527E+03
  0.628888E+01  0.175849E+03  0.160623E+03  0.000000E+00  0.000000E+00  0.429280E-03  0.172486E+03
  0.680787E+01  0.152738E+03  0.139511E+03  0.000000E+00  0.000000E+00  0.262710E-03  0.149816E+03
  0.736969E+01  0.132626E+03  0.121139E+03  0.000000E+00  0.000000E+00  0.233556E-03  0.130089E+03
  0.797787E+01  0.115130E+03  0.105156E+03  0.000000E+00  0.000000E+00  0.124210E-03  0.112927E+03
  0.863624E+01  0.999155E+02  0.912570E+02  0.000000E+00  0.000000E+00  0.115407E-03  0.980032E+02
  0.934895E+01  0.866885E+02  0.791737E+02  0.000000E+00  0.000000E+00  0.587996E-04  0.850289E+02
  0.101205E+02  0.751930E+02  0.686723E+02  0.000000E+00  0.000000E+00  0.433975E-04  0.737531E+02
  0.109557E+02  0.652057E+02  0.595485E+02  0.000000E+00  0.000000E+00  0.287386E-04  0.639566E+02
  0.118598E+02  0.565311E+02  0.516238E+02  0.000000E+00  0.000000E+00  0.373700E-04  0.554478E+02
  0.128385E+02  0.489991E+02  0.447429E+02  0.000000E+00  0.000000E+00  0.395740E-04  0.480596E+02
  0.138980E+02  0.424608E+02  0.387697E+02  0.000000E+00  0.000000E+00  0.159631E-04  0.416462E+02
  0.150449E+02  0.367866E+02  0.335860E+02  0.000000E+00  0.000000E+00  0.168170E-04  0.360805E+02
  0.162865E+02  0.318638E+02  0.290886E+02  0.000000E+00  0.000000E+00  0.103524E-05  0.312517E+02
  0.176306E+02  0.275939E+02  0.251876E+02  0.000000E+00  0.000000E+00  0.167406E-04  0.270633E+02
  0.190855E+02  0.238911E+02  0.218048E+02  0.000000E+00  0.000000E+00  0.132991E-04  0.234312E+02
  0.206606E+02  0.206811E+02  0.188720E+02  0.000000E+00  0.000000E+00  0.119608E-04  0.202825E+02
  0.223656E+02  0.178988E+02  0.163300E+02  0.000000E+00  0.000000E+00  0.160413E-05  0.175533E+02
  0.242113E+02  0.154877E+02  0.141271E+02  0.000000E+00  0.000000E+00 -0.351118E-05  0.151882E+02
  0.262093E+02  0.133989E+02  0.122186E+02  0.000000E+00  0.000000E+00 -0.233338E-05  0.131393E+02
  0.283722E+02  0.115897E+02  0.105655E+02  0.000000E+00  0.000000E+00 -0.311604E-06  0.113646E+02
  0.307137E+02  0.100229E+02  0.913395E+01  0.000000E+00  0.000000E+00 -0.294179E-05  0.982771E+01
  0.332483E+02  0.866637E+01  0.789442E+01  0.000000E+00  0.000000E+00  0.330413E-05  0.849706E+01
  0.359921E+02  0.749211E+01  0.682140E+01  0.000000E+00  0.000000E+00 -0.365754E-05  0.734519E+01
  0.389624E+02  0.647583E+01  0.589270E+01  0.000000E+00  0.000000E+00 -0.273368E-05  0.634828E+01
  0.421777E+02  0.559644E+01  0.508905E+01  0.000000E+00  0.000000E+00  0.200590E-05  0.548564E+01
  0.456584E+02  0.483565E+01  0.439375E+01  0.000000E+00  0.000000E+00 -0.133361E-05  0.473934E+01
  0.494264E+02  0.417757E+01  0.379229E+01  0.000000E+00  0.000000E+00 -0.451551E-06  0.409379E+01
  0.535053E+02  0.360844E+01  0.327209E+01  0.000000E+00  0.000000E+00 -0.274596E-06  0.353549E+01
  0.579208E+02  0.311632E+01  0.282224E+01  0.000000E+00  0.000000E+00  0.199473E-05  0.305273E+01
  0.627007E+02  0.269086E+01  0.243330E+01  0.000000E+00  0.000000E+00 -0.127315E-05  0.263535E+01
  0.678751E+02  0.232310E+01  0.209706E+01  0.000000E+00  0.000000E+00 -0.245057E-06  0.227457E+01
  0.734765E+02  0.200525E+01  0.180643E+01  0.000000E+00  0.000000E+00  0.106421E-05  0.196275E+01
  0.795402E+02  0.173058E+01  0.155527E+01  0.000000E+00  0.000000E+00 -0.188135E-06  0.169330E+01
  0.861042E+02  0.149327E+01  0.133824E+01  0.000000E+00  0.000000E+00  0.211066E-06  0.146048E+01
  0.932099E+02  0.128827E+01  0.115073E+01  0.000000E+00  0.000000E+00 -0.650886E-06  0.125935E+01
  0.100902E+03  0.111120E+01  0.988753E+00  0.000000E+00  0.000000E+00  0.316676E-06  0.108563E+01
  0.109229E+03  0.958272E+00  0.848853E+00  0.000000E+00  0.000000E+00  0.377946E-06  0.935596E+00
  0.118243E+03  0.826220E+00  0.728039E+00  0.000000E+00  0.000000E+00  0.525230E-06  0.806037E+00
  0.128001E+03  0.712209E+00  0.623729E+00  0.000000E+00  0.000000E+00  0.323091E-06  0.694179E+00
  0.138564E+03  0.613787E+00  0.533684E+00  0.000000E+00  0.000000E+00  0.116240E-06  0.597615E+00
  0.149999E+03  0.528833E+00  0.455975E+00  0.000000E+00  0.000000E+00  0.119521E-06  0.514268E+00
  0.162378E+03  0.455515E+00  0.388929E+00  0.000000E+00  0.000000E+00 -0.337057E-06  0.442340E+00
  0.175778E+03  0.392248E+00  0.331106E+00  0.000000E+00  0.000000E+00  0.187647E-06  0.380277E+00
  0.190285E+03  0.337662E+00  0.281260E+00  0.000000E+00  0.000000E+00  0.209176E-06  0.326738E+00
  0.205988E+03  0.290573E+00  0.238316E+00  0.000000E+00  0.000000E+00 -0.801273E-08  0.280561E+00
  0.222987E+03  0.249957E+00  0.201347E+00  0.000000E+00  0.000000E+00 -0.105044E-06  0.240744E+00
  0.241389E+03  0.214932E+00  0.169555E+00  0.000000E+00  0.000000E+00 -0.399042E-07  0.206421E+00
  0.261309E+03  0.184734E+00  0.142250E+00  0.000000E+00  0.000000E+00  0.968279E-07  0.176847E+00
  0.282874E+03  0.158703E+00  0.118841E+00  0.000000E+00  0.000000E+00  0.279796E-08  0.151374E+00
  0.306218E+03  0.136271E+00  0.988153E-01  0.000000E+00  0.000000E+00 -0.785828E-07  0.129447E+00
  0.331489E+03  0.116947E+00  0.817346E-01  0.000000E+00  0.000000E+00  0.232474E-07  0.110586E+00
  0.358845E+03  0.100305E+00  0.672190E-01  0.000000E+00  0.000000E+00 -0.369696E-07  0.943757E-01
  0.388459E+03  0.859813E-01  0.549405E-01  0.000000E+00  0.000000E+00 -0.253873E-07  0.804581E-01
