1.000000000000000082e-05 9.549174721097151153e-01
1.028044732093309699e-05 9.806935232746966102e-01
1.056875971184804981e-05 1.007165333231718529e+00
1.086515774652537261e-05 1.034351681092398723e+00
1.116986818467822625e-05 1.062271852736628164e+00
1.148312414543511069e-05 1.090945654479947624e+00
1.180516528568805612e-05 1.120393427108845597e+00
1.213623798344241821e-05 1.150636060293813712e+00
1.247659552630868525e-05 1.181695007390260788e+00
1.282649830528059917e-05 1.213592300637670984e+00
1.318621401394748594e-05 1.246350566767610690e+00
1.355601785329368979e-05 1.279993043031549149e+00
1.393619274224143468e-05 1.314543593659656784e+00
1.432702953409829478e-05 1.350026726762093565e+00
1.472882723907501804e-05 1.386467611684584211e+00
1.514189325304351951e-05 1.423892096830350784e+00
1.556654359271061883e-05 1.462326727960853168e+00
1.600310313738701696e-05 1.501798766988042155e+00
1.645190587753660725e-05 1.542336211271178481e+00
1.691329517029647124e-05 1.583967813431652161e+00
1.738762400216250392e-05 1.626723101699463214e+00
1.787525525904235524e-05 1.670632400805530438e+00
1.837656200388172389e-05 1.715726853434218935e+00
1.889192776207664550e-05 1.762038442250911219e+00
1.942174681489024571e-05 1.809600012519813950e+00
1.996642450109793374e-05 1.858445295327531666e+00
2.052637752709252056e-05 1.908608931428403155e+00
2.110203428568596656e-05 1.960126495727916085e+00
2.169383518385182289e-05 2.013034522420969363e+00
2.230223297965936262e-05 2.067370530802163486e+00
2.292769312865648647e-05 2.123173051765657515e+00
2.357069413996727640e-05 2.180481655012673770e+00
2.423172794237600676e-05 2.239336976985065508e+00
2.491130026067785879e-05 2.299780749543839153e+00
2.560993100258456690e-05 2.361855829412029539e+00
2.632815465648020122e-05 2.425606228401638642e+00
2.706652070033241139e-05 2.491077144445025482e+00
2.782559402207125977e-05 2.558314993451409336e+00
2.860595535175744877e-05 2.627367442009753251e+00
2.940820170587060722e-05 2.698283440959706514e+00
3.023294684405776334e-05 2.771113259852868715e+00
3.108082173869063645e-05 2.845908522326963563e+00
3.195247505759213607e-05 2.922722242416261995e+00
3.284857366030047033e-05 3.001608861821855712e+00
3.376980310825087640e-05 3.082624288166042170e+00
3.471686818926559409e-05 3.165825934255576346e+00
3.569049345675229896e-05 3.251272758378938921e+00
3.669142378402493983e-05 3.339025305663530396e+00
3.772042493417001620e-05 3.429145750518951541e+00
3.877828414589453094e-05 3.521697940193226906e+00
3.986581073580438997e-05 3.616747439469305547e+00
4.098383671757261184e-05 3.714361576529563003e+00
4.213321743847289172e-05 3.814609490016805271e+00
4.331483223376403243e-05 3.917562177320464745e+00
4.452958509942659792e-05 4.023292544117414771e+00
4.577840538376616169e-05 4.131875455197168812e+00
4.706224849841281693e-05 4.243387786601821254e+00
4.838209664925957121e-05 4.357908479111369360e+00
4.973895958790067998e-05 4.475518593105758391e+00
5.113387538414331267e-05 4.596301364835153613e+00
5.256791122018419400e-05 4.720342264130511722e+00
5.404216420705915271e-05 4.847729053586899539e+00
5.555776222398877724e-05 4.978551849252149886e+00
5.711586478126435033e-05 5.112903182854132034e+00
5.871766390733261363e-05 5.250878065599827949e+00
6.036438506075863543e-05 5.392574053579856752e+00
6.205728806776500081e-05 5.538091314812270127e+00
6.379766808606282991e-05 5.687532697959392536e+00
6.558685659571435525e-05 5.841003802751892238e+00
6.742622241778349222e-05 5.998613052154039060e+00
6.931717276155400522e-05 6.160471766304067565e+00
7.126115430111745026e-05 6.326694238263683268e+00
7.325965428215229914e-05 6.497397811610118978e+00
7.531420165974375832e-05 6.672702959904388109e+00
7.742636826811278249e-05 6.852733368068467890e+00
7.959777002314977982e-05 7.037616015704007744e+00
8.183006815867388940e-05 7.227481262384352512e+00
8.412497049736118173e-05 7.422462934950858404e+00
8.648423275731726594e-05 7.622698416843832980e+00
8.890965989529167504e-05 7.828328739497063538e+00
9.140310748756223216e-05 8.039498675823834262e+00
9.396648314954690162e-05 8.256356835821014428e+00
9.660174799522645947e-05 8.479055764315774013e+00
9.931091813749800526e-05 8.707752040878283140e+00
1.020960662306046523e-04 8.942606381921132552e+00
1.049593230558227707e-04 9.183783745004175714e+00
1.079028791516183647e-04 9.431453435360792170e+00
1.109289864895222780e-04 9.685789214658834467e+00
1.140399601970033122e-04 9.946969412006135158e+00
1.172381803286599682e-04 1.021517703720695991e+01
1.205260936870842587e-04 1.049059989627205880e+01
1.239062156947915523e-04 1.077343070918036183e+01
1.273811323186478520e-04 1.106386722988589000e+01
1.309535020482667609e-04 1.136211236855806561e+01
1.346260579298911035e-04 1.166837431603816633e+01
1.384016096573131502e-04 1.198286667048825826e+01
1.422830457214352027e-04 1.230580856620227514e+01
1.462733356201129868e-04 1.263742480454164330e+01
1.503755321299738291e-04 1.297794598694956747e+01
1.545927736419478403e-04 1.332760864999002415e+01
1.589282865622978103e-04 1.368665540234735722e+01
1.633853877809860280e-04 1.405533506371288155e+01
1.679674872092653225e-04 1.443390280547349214e+01
1.726780903884355897e-04 1.482262029310565232e+01
1.775208011717636101e-04 1.522175583016536038e+01
1.824993244816152445e-04 1.563158450375077813e+01
1.876174691439119540e-04 1.605238833129978104e+01
1.928791508020777693e-04 1.648445640856835936e+01
1.982883949127071325e-04 1.692808505861916046e+01
2.038493398252464264e-04 1.738357798163123036e+01
2.095662399480432926e-04 1.785124640532220042e+01
2.154434690031882321e-04 1.833140923575368220e+01
2.214855233726359179e-04 1.882439320826801676e+01
2.276970255381680010e-04 1.933053303828118530e+01
2.340827276178294449e-04 1.985017157163114021e+01
2.406475150015424170e-04 2.038365993415400368e+01
2.473964100886811538e-04 2.093135768013201314e+01
2.543345761304648361e-04 2.149363293922677087e+01
2.614673211801091831e-04 2.207086256147929859e+01
2.688001021537607393e-04 2.266343225992428856e+01
2.763385290053169780e-04 2.327173675033002809e+01
2.840883690183304273e-04 2.389617988753768785e+01
2.920555512182745244e-04 2.453717479783319888e+01
3.002461709085549389e-04 2.519514400674369625e+01
3.086664943337274645e-04 2.587051956160498634e+01
3.173229634734979596e-04 2.656374314820158844e+01
3.262222009711666644e-04 2.727526620073080466e+01
3.353710152002928996e-04 2.800555000429244856e+01
3.447764054734464112e-04 2.875506578905176269e+01
3.544455673970435734e-04 2.952429481516874077e+01
3.643858983763548090e-04 3.031372844752842965e+01
3.746050032748989293e-04 3.112386821924752311e+01
3.851107002325568655e-04 3.195522588287049004e+01
3.959110266468458469e-04 3.280832344810391987e+01
4.070142453219438875e-04 3.368369320487245488e+01
4.184288507901584705e-04 3.458187773041112223e+01
4.301635758106790394e-04 3.550342987903892578e+01
4.422273980505897289e-04 3.644891275318812518e+01
4.546295469532399291e-04 3.741889965418869934e+01
4.673795107992463507e-04 3.841397401123663258e+01
4.804870439655133953e-04 3.943472928689638479e+01
4.939621743878321080e-04 4.048176885741391118e+01
5.078152112327670659e-04 4.155570586604078898e+01
5.220567527846975506e-04 4.265716304749204113e+01
5.366976945540475642e-04 4.378677252158654909e+01
5.517492376129128854e-04 4.494517555404269871e+01
5.672228971644543115e-04 4.613302228232823410e+01
5.831305113526218760e-04 4.735097140439214769e+01
5.994842503189408769e-04 4.859968982803565041e+01
6.162966255132942741e-04 4.987985227861325654e+01
6.335804992658254208e-04 5.119214086269241903e+01
6.513490946272802555e-04 5.253724458523998919e+01
6.696160054853222054e-04 5.391585881785152168e+01
6.883952069645496224e-04 5.532868471548916744e+01
7.077010661181889735e-04 5.677642857915602548e+01
7.275483529196232748e-04 5.825980116189563063e+01
7.479522515621820798e-04 5.977951691548476987e+01
7.689283720758312941e-04 6.133629317516739832e+01
7.904927622696419996e-04 6.293084927977125176e+01
8.126619200091945907e-04 6.456390562455615623e+01
8.354528058382871408e-04 6.623618264415391366e+01
8.588828559546249353e-04 6.794839972299462261e+01
8.829699955494092365e-04 6.970127403065281158e+01
9.077326525210223113e-04 7.149551927960548880e+01
9.331897715733238540e-04 7.333184440296913920e+01
9.593608287093146345e-04 7.521095214986820565e+01
9.862658461312820684e-04 7.713353759619820949e+01
1.013925407558815411e-03 7.910028656866730046e+01
1.042360673976401152e-03 8.111187398014428140e+01
1.071593399822671090e-03 8.316896207450322720e+01
1.101645949633656921e-03 8.527219857933299352e+01
1.132541315152811546e-03 8.742221476508318290e+01
1.164303132920876775e-03 8.961962340943648542e+01
1.196955702359043952e-03 9.186501666593569837e+01
1.230524004359261634e-03 9.415896383615711329e+01
1.265033720395903781e-03 9.650200904499513399e+01
1.300511252173408528e-03 9.889466881892380457e+01
1.336983741824946661e-03 1.013374295674145031e+02
1.374479092677538018e-03 1.038307449680191610e+02
1.413025990599533653e-03 1.063750332559796306e+02
1.452653925946781202e-03 1.089706744195817265e+02
1.493393216124251719e-03 1.116180073028483548e+02
1.535275028780422714e-03 1.143173266175534906e+02
1.578331405652118108e-03 1.170688798669284694e+02
1.622595287078087110e-03 1.198728641838379616e+02
1.668100537200059227e-03 1.227294230866023241e+02
1.714881969870539046e-03 1.256386431560517565e+02
1.762975375287205784e-03 1.286005506378012910e+02
1.812417547374237711e-03 1.316151079741313765e+02
1.863246311931559835e-03 1.346822102702542168e+02
1.915500555573527823e-03 1.378016817001197580e+02
1.969220255479171497e-03 1.409732718572803662e+02
2.024446509976803900e-03 1.441966520566775216e+02
2.081221569986339229e-03 1.474714115935323662e+02
2.139588871343421454e-03 1.507970539658159908e+02
2.199593068030074750e-03 1.541729930670384192e+02
2.261280066337277312e-03 1.575985493563162549e+02
2.324697059985648094e-03 1.610729460128738992e+02
2.389892566231050126e-03 1.645953050822652699e+02
2.456916462982790088e-03 1.681646436217065741e+02
2.525820026962784671e-03 1.717798698519464722e+02
2.596655972934869619e-03 1.754397793230877767e+02
2.669478494034320699e-03 1.791430511017025253e+02
2.744343303228365376e-03 1.828882439864372884e+02
2.821307675939470957e-03 1.866737927591072719e+02
2.900430493863991651e-03 1.904980044779956359e+02
2.981772290019670327e-03 1.943590548197211376e+02
3.065395295056526793e-03 1.982549844756183859e+02
3.151363484866479339e-03 2.021836956080574623e+02
3.239742629528195514e-03 2.061429483715553488e+02
3.330600343624588386e-03 2.101303575028580894e+02
3.424006137971422319e-03 2.141433889834299862e+02
3.520031472796678832e-03 2.181793567769725826e+02
3.618749812411280273e-03 2.222354196436898519e+02
3.720236681413065759e-03 2.263085780320733420e+02
3.824569722466999305e-03 2.303956710479538401e+02
3.931828755705770589e-03 2.344933734995177019e+02
4.042095839796306170e-03 2.385981930159010460e+02
4.155455334718875619e-03 2.427064672358944222e+02
4.271993966306776754e-03 2.468143610622310575e+02
4.391800892596085977e-03 2.509178639759519172e+02
4.514967772036101654e-03 2.550127874044549401e+02
4.641588833612777208e-03 2.590947621361468691e+02
4.771760948938746048e-03 2.631592357741554338e+02
4.905583706365045267e-03 2.672014702214359545e+02
5.043159487171358993e-03 2.712165391899529823e+02
5.184593543892912840e-03 2.751993257274949656e+02
5.329994080844087725e-03 2.791445197573430619e+02
5.479472336900287170e-03 2.830466156285520469e+02
5.633142670601352063e-03 2.868999096783135201e+02
5.791122647641758041e-03 2.906984978129592605e+02
5.953533130814370189e-03 2.944362731209596973e+02
6.120498372476696446e-03 2.981069235401047308e+02
6.292146109610343568e-03 3.017039296123280678e+02
6.468607661546320678e-03 3.052205623737653468e+02
6.650018030431118291e-03 3.086498814451640555e+02
6.836516004510238484e-03 3.119847334091511470e+02
7.028244264308352446e-03 3.152177505867654759e+02
7.225349491787214085e-03 3.183413503566230816e+02
7.427982482564910414e-03 3.213477351967384266e+02
7.636298261282242067e-03 3.242288936719706385e+02
7.850456200204509669e-03 3.269766026398198733e+02
8.070620141149507584e-03 3.295824310042987122e+02
8.296958520834906564e-03 3.320377454120903167e+02
8.529644499741017086e-03 3.343337183571445621e+02
8.768856094587426653e-03 3.364613392388643547e+02
9.014776314524916914e-03 3.384114290041718505e+02
9.267593301146882789e-03 3.401746590934193932e+02
9.527500472427299916e-03 3.417415755018827781e+02
9.794696670695384952e-03 3.431026288589243336e+02
1.006938631476028169e-02 3.442482115110499876e+02
1.035177955630176179e-02 3.451687026667217424e+02
1.064209244064723628e-02 3.458545227119915921e+02
1.094054707205743479e-02 3.462961978269833594e+02
1.124737178364750706e-02 3.464844360124160971e+02
1.156280131207376542e-02 3.464102155593482166e+02
1.188707697711903315e-02 3.460648868494257613e+02
1.222044686631487340e-02 3.454402881415937259e+02
1.256316602474121490e-02 3.445288756691281833e+02
1.291549665014882740e-02 3.433238679241300133e+02
1.327770829355430504e-02 3.418194034348408081e+02
1.365007806546013856e-02 3.400107106394666516e+02
1.403289084785871652e-02 3.378942876320575692e+02
1.442643951218158804e-02 3.354680886159944180e+02
1.483102514336102906e-02 3.327317128772837123e+02
1.524695727017574484e-02 3.296865910279982472e+02
1.567455410205595076e-02 3.263361622323350275e+02
1.611414277253018362e-02 3.226860351939403131e+02
1.656605958949915192e-02 3.187441249486064407e+02
1.703065029252842644e-02 3.145207570765046512e+02
1.750827031735725098e-02 3.100287309301345431e+02
1.799928506782476345e-02 3.052833339664765049e+02
1.850407019542300163e-02 3.003023003500758250e+02
1.902301188668945736e-02 2.951057086966138172e+02
1.955650715865947173e-02 2.897158161409533932e+02
2.010496416260499145e-02 2.841568287643165149e+02
2.066880249629082095e-02 2.784546116581293518e+02
2.124845352498882720e-02 2.726363453261228642e+02
2.184436071149428379e-02 2.667301384642161679e+02
2.245697995539771771e-02 2.607646101055986492e+02
2.308677994187169694e-02 2.547684563640927990e+02
2.373424250023866214e-02 2.487700182649674332e+02
2.439986297259550199e-02 2.427968671915361085e+02
2.508415059277541159e-02 2.368754231624626243e+02
2.578762887593798181e-02 2.310306184690786324e+02
2.651083601908538895e-02 2.252856152543461405e+02
2.725432531281027707e-02 2.196615806460505382e+02
2.801866556459195468e-02 2.141775174260333472e+02
2.880444153396297807e-02 2.088501423808585855e+02
2.961225437988031575e-02 2.036937989588599862e+02
3.044272212064302874e-02 1.987203862063081772e+02
3.129648010670750546e-02 1.939392827181925725e+02
3.217418150676371741e-02 1.893572430248026706e+02
3.307649780744242179e-02 1.849782448855031305e+02
3.400411932703702872e-02 1.808032697300402276e+02
3.495775574363275268e-02 1.768300052281803119e+02
3.593813663804625719e-02 1.730524688189341305e+02
3.694601205199302130e-02 1.694605639947621682e+02
3.798215306190736579e-02 1.660395970393664982e+02
3.904735236885555766e-02 1.627698003212090612e+02
4.014242490499322219e-02 1.596259283023611601e+02
4.126820845702951907e-02 1.565770126730637060e+02
4.242556430717776828e-02 1.535863811455935775e+02
4.361537789208005944e-02 1.506120570335118600e+02
4.483855948021190502e-02 1.476076592362071267e+02
4.609604486828433600e-02 1.445239091315073949e+02
4.738879609717651376e-02 1.413108163979081837e+02
4.871780218794630885e-02 1.379205552734100308e+02
5.008407989848212560e-02 1.343109545694992732e+02
5.148867450137497442e-02 1.304494126014759559e+02
5.293266058360561466e-02 1.263169232313101702e+02
5.441714286865887568e-02 1.219117810624100713e+02
5.594325706169377826e-02 1.172524493608486864e+02
5.751217071841613349e-02 1.123790534006795951e+02
5.912508413831880916e-02 1.073530300606895764e+02
6.078323128297229844e-02 1.022546329676287939e+02
6.248788072006888211e-02 9.717824951050737070e+01
6.424033659394190465e-02 9.222579236916428158e+01
6.604193962330305590e-02 8.749872150223107781e+01
6.789406812696112403e-02 8.308946316413032207e+01
6.979813907830660635e-02 7.907306841730554936e+01
7.175560918936921273e-02 7.549988670063481777e+01
7.376797602527730702e-02 7.238987080839220312e+01
7.583677914997190295e-02 6.972897593466778687e+01
7.796360130405237399e-02 6.746806823732028136e+01
8.015006961565404597e-02 6.552485409644866365e+01
8.239785684528511123e-02 6.378949060579941488e+01
8.470868266557401993e-02 6.213451627549608247e+01
8.708431497690724554e-02 6.042926876778667378e+01
8.952657125996400789e-02 5.855786837640437170e+01
9.203731996618221001e-02 5.643828435166873447e+01
9.461848194721991789e-02 5.403850982671782788e+01
9.727203192450536995e-02 5.138526247294554139e+01
1.000000000000000056e-01 4.856159515318999098e+01
1.028044732093309765e-01 4.569242619248942106e+01
1.056875971184805113e-01 4.292047871392652780e+01
1.086515774652537236e-01 4.037801237621086869e+01
1.116986818467822634e-01 3.816075518612850459e+01
1.148312414543511129e-01 3.630935680120926889e+01
1.180516528568805595e-01 3.480152493573265815e+01
1.213623798344241750e-01 3.355623561683965761e+01
1.247659552630871055e-01 3.245046785149297364e+01
1.282649830528059809e-01 3.134756054925935942e+01
1.318621401394748371e-01 3.013283824079141837e+01
1.355601785329368925e-01 2.874697878683980434e+01
1.393619274224143501e-01 2.720431851345477270e+01
1.432702953409832336e-01 2.558636478313221474e+01
1.472882723907501801e-01 2.401079086670227625e+01
1.514189325304352018e-01 2.258768503975576891e+01
1.556654359271062160e-01 2.138036468488096276e+01
1.600310313738701751e-01 2.038503199963556156e+01
1.645190587753664058e-01 1.953583429832486829e+01
1.691329517029646901e-01 1.873394814343920700e+01
1.738762400216250503e-01 1.789108236871443225e+01
1.787525525904235524e-01 1.696904586050370511e+01
1.837656200388172456e-01 1.599424876645129601e+01
1.889192776207668234e-01 1.503735829012550340e+01
1.942174681489024501e-01 1.416974793005136313e+01
1.996642450109793465e-01 1.342313455433419733e+01
2.052637752709252084e-01 1.277556749663876445e+01
2.110203428568596662e-01 1.217042195931031046e+01
2.169383518385186449e-01 1.155575952704543319e+01
2.230223297965936435e-01 1.091769589580184885e+01
2.292769312865648723e-01 1.028371013055555672e+01
2.357069413996727703e-01 9.694618736836513762e+00
2.423172794237600791e-01 9.169886599620042489e+00
2.491130026067790992e-01 8.695033429622862187e+00
2.560993100258456834e-01 8.239180025710195920e+00
2.632815465648020159e-01 7.784331959221892916e+00
2.706652070033241375e-01 7.338220193286521642e+00
2.782559402207125943e-01 6.920147257642239147e+00
2.860595535175745052e-01 6.537939613032006214e+00
2.940820170587060689e-01 6.181556545725690022e+00
3.023294684405776200e-01 5.837446897542577062e+00
3.108082173869063936e-01 5.503756380995762143e+00
3.195247505759213347e-01 5.188249908534593224e+00
3.284857366030046744e-01 4.894971927695123348e+00
3.376980310825087872e-01 4.619126316182011749e+00
3.471686818926559281e-01 4.355079260514647999e+00
3.569049345675229801e-01 4.103344347927750491e+00
3.669142378402494020e-01 3.866813654757963015e+00
3.772042493417001596e-01 3.644618193449493670e+00
3.877828414589453154e-01 3.433700292103743834e+00
3.986581073580438561e-01 3.233448781126618599e+00
4.098383671757261371e-01 3.044854111007752273e+00
4.213321743847289191e-01 2.867209650293757850e+00
4.331483223376402791e-01 2.698960140303623856e+00
4.452958509942651077e-01 2.539922123427153622e+00
4.577840538376616308e-01 2.390182121159611484e+00
4.706224849841281754e-01 2.248823118867785187e+00
4.838209664925957054e-01 2.115218978529495253e+00
4.973895958790067739e-01 1.989364053624837370e+00
5.113387538414321254e-01 1.870707541318500589e+00
5.256791122018419360e-01 1.758675285424517121e+00
5.404216420705915125e-01 1.653172662818684691e+00
5.555776222398878250e-01 1.553738123716246200e+00
5.711586478126434718e-01 1.459960071698738870e+00
5.871766390733249574e-01 1.371702538459077525e+00
6.036438506075864074e-01 1.288515626069821840e+00
6.205728806776500406e-01 1.210181690021983059e+00
6.379766808606281980e-01 1.136456450990555034e+00
6.558685659571434901e-01 1.067006658638073313e+00
6.742622241778335468e-01 1.001689335680515880e+00
6.931717276155400231e-01 9.401839035213304108e-01
7.126115430111745752e-01 8.823488377158883456e-01
7.325965428215229780e-01 8.279221132291387786e-01
7.531420165974375136e-01 7.767517992699626284e-01
7.742636826811262196e-01 7.286207366670321983e-01
7.959777002314977201e-01 6.833831717136366057e-01
8.183006815867389649e-01 6.408472737914785444e-01
8.412497049736118448e-01 6.008841032986541597e-01
8.648423275731726978e-01 5.633193859894624067e-01
8.890965989529149294e-01 5.280379879535233023e-01
9.140310748756222958e-01 4.948895235157974026e-01
9.396648314954690884e-01 4.637587106614093346e-01
9.660174799522646127e-01 4.345287625140466514e-01
9.931091813749800545e-01 4.070802385829284109e-01
1.020960662306045430e+00 3.813168703453868047e-01
1.049593230558226731e+00 3.571364592678519800e-01
1.079028791516183583e+00 3.344421580636284252e-01
1.109289864895222744e+00 3.131495768600573992e-01
1.140399601970033094e+00 2.931755024021592271e-01
1.172381803286597357e+00 2.744390990250185625e-01
1.205260936870841348e+00 2.568663824793632755e-01
1.239062156947915661e+00 2.403885589779539700e-01
1.273811323186478495e+00 2.249399280885858166e-01
1.309535020482667678e+00 2.104580087030307467e-01
1.346260579298908189e+00 1.968840476805336637e-01
1.384016096573130072e+00 1.841629370080340999e-01
1.422830457214351974e+00 1.722428618780116327e-01
1.462733356201129986e+00 1.610750148780539237e-01
1.503755321299738323e+00 1.506134124176883304e-01
1.545927736419478560e+00 1.408147519968476480e-01
1.589282865622976271e+00 1.316382740463458989e-01
1.633853877809860355e+00 1.230456233439809338e-01
1.679674872092653093e+00 1.150007183137749384e-01
1.726780903884356011e+00 1.074696385043613367e-01
1.775208011717636092e+00 1.004205253861183977e-01
1.824993244816150550e+00 9.382345295364137583e-02
1.876174691439119524e+00 8.765022893898569145e-02
1.928791508020777812e+00 8.187425333637371461e-02
1.982883949127071332e+00 7.647062699144881182e-02
2.038493398252464228e+00 7.141612315692875967e-02
2.095662399480430871e+00 6.668869424443173155e-02
2.154434690031882038e+00 6.226765535644900040e-02
2.214855233726359174e+00 5.813378683626899135e-02
2.276970255381680186e+00 5.426875409968805880e-02
2.340827276178294447e+00 5.065563136195986443e-02
2.406475150015421782e+00 4.727828742913179477e-02
2.473964100886811845e+00 4.412178818144808085e-02
2.543345761304648178e+00 4.117198778568761236e-02
2.614673211801092023e+00 3.841565921684194501e-02
2.688001021537607560e+00 3.584043176193069113e-02
2.763385290053167243e+00 3.343466476785367930e-02
2.840883690183301002e+00 3.118744666441428809e-02
2.920555512182744895e+00 2.908855943969960653e-02
3.002461709085549213e+00 2.712842644299408995e-02
3.086664943337274369e+00 2.529807104445628077e-02
3.173229634734973104e+00 2.358908103817335469e-02
3.262222009711666537e+00 2.199357480383458754e-02
3.353710152002928879e+00 2.050417048264152955e-02
3.447764054734464345e+00 1.911395784124632694e-02
3.544455673970435594e+00 1.781646343620217274e-02
3.643858983763540671e+00 1.660561820854533632e-02
3.746050032748989178e+00 1.547575365557900262e-02
3.851107002325568907e+00 1.442155443635758337e-02
3.959110266468458761e+00 1.343805083721654262e-02
4.070142453219438572e+00 1.252058710926313816e-02
4.184288507901576359e+00 1.166481358696875963e-02
4.301635758106799656e+00 1.086665596480058602e-02
4.422273980505896596e+00 1.012230394610336669e-02
4.546295469532399380e+00 9.428194592903858806e-03
4.673795107992464004e+00 8.780995654122001129e-03
4.804870439655124059e+00 8.177591023705686399e-03
4.939621743878325866e+00 7.615067498556352121e-03
5.078152112327670942e+00 7.090702200755376675e-03
5.220567527846974976e+00 6.601948707231211806e-03
5.366976945540476329e+00 6.146427932907264774e-03
5.517492376129117027e+00 5.721916642233649576e-03
5.672228971644549311e+00 5.326337483820491915e-03
5.831305113526219053e+00 4.957749106677970287e-03
5.994842503189408589e+00 4.614338504162492950e-03
6.162966255132942273e+00 4.294412079759865435e-03
6.335804992658241375e+00 3.996387994005319577e-03
6.513490946272809445e+00 3.718788983436594094e-03
6.696160054853215193e+00 3.460235853500373548e-03
6.883952069645496330e+00 3.219440809342486755e-03
7.077010661181889262e+00 2.995201517174598572e-03
7.275483529196217880e+00 2.786395763702362305e-03
7.479522515621829015e+00 2.591976172010408697e-03
7.689283720758305130e+00 2.410965179086393875e-03
7.904927622696420464e+00 2.242450597499006000e-03
8.126619200091946382e+00 2.085581279595081008e-03
8.354528058382854283e+00 1.939563085977915593e-03
8.588828559546257679e+00 1.803655308980924325e-03
8.829699955494083596e+00 1.677166882440787659e-03
9.077326525210242636e+00 1.559453318586149139e-03
9.331897715733239451e+00 1.449913556165091134e-03
9.593608287093127629e+00 1.347987073676411253e-03
9.862658461312831193e+00 1.253151249554078882e-03
1.013925407558816438e+01 1.164918789647083862e-03
1.042360673976403262e+01 1.082835430578432375e-03
1.071593399822671167e+01 1.006477696687241947e-03
1.101645949633654631e+01 9.354508806702586119e-04
1.132541315152810313e+01 8.693871166687162488e-04
1.164303132920877992e+01 8.079435569818395422e-04
1.196955702359045226e+01 7.508007438767365024e-04
1.230524004359261525e+01 6.976610000406052422e-04
1.265033720395901184e+01 6.482469886272732539e-04
1.300511252173407151e+01 6.023003344077307308e-04
1.336983741824947991e+01 5.595803556203242640e-04
1.374479092677539427e+01 5.198628629017991182e-04
1.413025990599533621e+01 4.829390516319890408e-04
1.452653925946778202e+01 4.486144616235577501e-04
1.493393216124250245e+01 4.167080001764204107e-04
1.535275028780424300e+01 3.870510441027899063e-04
1.578331405652119734e+01 3.594865876841114513e-04
1.622595287078087267e+01 3.338684544355725284e-04
1.668100537200055555e+01 3.100605639120270689e-04
1.714881969870537404e+01 2.879362401084108853e-04
1.762975375287207669e+01 2.673775707190997582e-04
1.812417547374239390e+01 2.482748113724578699e-04
1.863246311931559873e+01 2.305258242274464187e-04
1.915500555573524011e+01 2.140355599631190385e-04
1.969220255479169523e+01 1.987155699911517955e-04
2.024446509976806041e+01 1.844835555907489602e-04
2.081221569986341535e+01 1.712629449392187109e-04
2.139588871343421417e+01 1.589824991981945578e-04
2.199593068030070242e+01 1.475759459673110167e-04
2.261280066337274874e+01 1.369816373023702413e-04
2.324697059985650327e+01 1.271422302780055773e-04
2.389892566231052839e+01 1.180043906180585191e-04
2.456916462982790250e+01 1.095185149490742306e-04
2.525820026962779608e+01 1.016384733551428074e-04
2.596655972934867052e+01 9.432136865517830456e-05
2.669478494034323646e+01 8.752731233774040576e-05
2.744343303228368214e+01 8.121921592637906784e-05
2.821307675939470627e+01 7.536259654930801337e-05
2.900430493863985859e+01 6.992539585771966992e-05
2.981772290019667437e+01 6.487781132434187938e-05
3.065395295056529790e+01 6.019213919288885937e-05
3.151363484866482523e+01 5.584262822481442592e-05
3.239742629528195295e+01 5.180534342123391072e-05
3.330600343624581683e+01 4.805803932241451228e-05
3.424006137971418440e+01 4.458004183047893063e-05
3.520031472796682692e+01 4.135213839437027047e-05
3.618749812411284239e+01 3.835647562502790493e-05
3.720236681413065583e+01 3.557646410456374620e-05
3.824569722466991095e+01 3.299668974420558550e-05
3.931828755705770106e+01 3.060283129449845063e-05
4.042095839796309775e+01 2.838158359935929337e-05
4.155455334718879357e+01 2.632058613838598481e-05
4.271993966306776969e+01 2.440835660246335229e-05
4.391800892596076977e+01 2.263422903572037234e-05
4.514967772036101934e+01 2.098829631518776576e-05
4.641588833612782139e+01 1.946135664745321059e-05
4.771760948938750602e+01 1.804486377552009285e-05
4.905583706365045771e+01 1.673088069256734947e-05
5.043159487171348587e+01 1.551203656935620602e-05
5.184593543892913203e+01 1.438148670971055078e-05
5.329994080844092963e+01 1.333287530691629553e-05
5.479472336900292362e+01 1.236030081106469863e-05
5.633142670601351654e+01 1.145828372672579510e-05
5.791122647641746113e+01 1.062173667218789851e-05
5.953533130814370367e+01 9.845936543108430527e-06
6.120498372476702542e+01 9.126498634172033780e-06
6.292146109610350635e+01 8.459352582521814645e-06
6.468607661546320742e+01 7.840720005466441343e-06
6.650018030431104421e+01 7.267093716083957825e-06
6.836516004510238531e+01 6.735218404802608361e-06
7.028244264308352740e+01 6.242072685116495659e-06
7.225349491787221723e+01 5.784852408194057394e-06
7.427982482564910072e+01 5.360955157582443430e-06
7.636298261282226463e+01 4.967965842136834031e-06
7.850456200204509116e+01 4.603643307882986882e-06
8.070620141149507276e+01 4.265907900105670285e-06
8.296958520834914452e+01 3.952829907063854260e-06
8.529644499741016261e+01 3.662618824434088271e-06
8.768856094587408734e+01 3.393613381776171171e-06
9.014776314524917211e+01 3.144272278334880546e-06
9.267593301146882823e+01 2.913165577828527688e-06
9.527500472427300338e+01 2.698966715590994768e-06
9.794696670695385876e+01 2.500445074993510829e-06
1.006938631476024995e+02 2.316459093189302464e-06
1.035177955630176285e+02 2.145949858358109314e-06
1.064209244064724658e+02 1.987935164031231090e-06
1.094054707205743568e+02 1.841503987976819176e-06
1.124737178364750747e+02 1.705811365674836100e-06
1.156280131207373074e+02 1.580073630300455264e-06
1.188707697711903251e+02 1.463563993307744847e-06
1.222044686631488730e+02 1.355608441455523741e-06
1.256316602474121424e+02 1.255581927739858794e-06
1.291549665014882748e+02 1.162904835354973912e-06
1.327770829355426372e+02 1.077039695299922210e-06
1.365007806546013853e+02 9.974881395475088021e-07
1.403289084785873229e+02 9.237880729963059703e-07
1.442643951218158804e+02 8.555110486444297127e-07
1.483102514336102900e+02 7.922598314567140216e-07
1.524695727017569880e+02 7.336661374684969346e-07
1.567455410205595001e+02 6.793885356340312962e-07
1.611414277253019804e+02 6.291105007625870584e-07
1.656605958949915305e+02 5.825386067524416011e-07
1.703065029252842635e+02 5.394008500938952820e-07
1.750827031735719856e+02 4.994450942866862751e-07
1.799928506782476347e+02 4.624376265453800778e-07
1.850407019542302010e+02 4.281618187193018819e-07
1.902301188668945713e+02 3.964168849630091465e-07
1.955650715865947120e+02 3.670167292085513765e-07
2.010496416260501178e+02 3.397888759997534601e-07
2.066880249629082016e+02 3.145734786882468877e-07
2.124845352498882960e+02 2.912223994396142854e-07
2.184436071149428358e+02 2.695983558752281798e-07
2.245697995539771625e+02 2.495741295619238013e-07
2.308677994187171976e+02 2.310318318905302029e-07
2.373424250023866193e+02 2.138622232099554077e-07
2.439986297259550270e+02 1.979640813762453791e-07
2.508415059277541275e+02 1.832436161551005268e-07
2.578762887593798041e+02 1.696139261654393739e-07
2.651083601908541709e+02 1.569944952931701783e-07
2.725432531281027764e+02 1.453107257243872137e-07
2.801866556459195294e+02 1.344935049498069360e-07
2.880444153396297793e+02 1.244788042843254184e-07
2.961225437988031217e+02 1.152073066202732992e-07
3.044272212064306018e+02 1.066240612989960381e-07
3.129648010670750296e+02 9.867816413566336895e-08
3.217418150676371624e+02 9.132246077501422550e-08
3.307649780744242776e+02 8.451327168576421443e-08
3.400411932703702860e+02 7.821013722454703559e-08
3.495775574363278793e+02 7.237558131246857603e-08
3.593813663804625662e+02 6.697489237281822432e-08
3.694601205199302285e+02 6.197592027604344454e-08
3.798215306190735987e+02 5.734888812840016631e-08
3.904735236885555878e+02 5.306621782512490316e-08
4.014242490499325982e+02 4.910236836655891113e-08
4.126820845702951601e+02 4.543368600840888076e-08
4.242556430717776834e+02 4.203826538443482746e-08
4.361537789208005620e+02 3.889582080213905148e-08
4.483855948021181348e+02 3.598756697014897935e-08
4.609604486828438326e+02 3.329610846949728380e-08
4.738879609717650965e+02 3.080533733101111388e-08
4.871780218794630741e+02 2.850033812721614865e-08
5.008407989848212196e+02 2.636730003014849015e-08
5.148867450137487367e+02 2.439343532623829500e-08
5.293266058360567285e+02 2.256690391648469745e-08
5.441714286865887971e+02 2.087674336432389857e-08
5.594325706169377099e+02 1.931280408550848161e-08
5.751217071841613233e+02 1.786568930377685823e-08
5.912508413831868666e+02 1.652669942347762892e-08
6.078323128297236053e+02 1.528778049573627320e-08
6.248788072006888115e+02 1.414147647828592201e-08
6.424033659394191318e+02 1.308088501096994640e-08
6.604193962330305112e+02 1.209961644915679539e-08
6.789406812696098541e+02 1.119175591614713317e-08
6.979813907830666722e+02 1.035182815306136530e-08
7.175560918936921553e+02 9.574764960885744896e-09
7.376797602527731215e+02 8.855875044342915825e-09
7.583677914997190328e+02 8.190816081164226894e-09
7.796360130405221298e+02 7.575568853240842537e-09
8.015006961565413803e+02 7.006413288083280636e-09
8.239785684528511638e+02 6.479906270115974384e-09
8.470868266557401967e+02 5.992861091609699282e-09
8.708431497690723972e+02 5.542328422592319749e-09
8.952657125996382774e+02 5.125578687913753458e-09
9.203731996618230369e+02 4.740085747838996239e-09
9.461848194721992513e+02 4.383511786138544509e-09
9.727203192450537017e+02 4.053693316688005836e-09
1.000000000000000000e+03 3.748628226119935922e-09
1.028044732093307630e+03 3.466463776121384359e-09
1.056875971184804939e+03 3.205485494581123754e-09
1.086515774652537175e+03 2.964106889992146763e-09
1.116986818467824833e+03 2.740859928333163115e-09
1.148312414543511068e+03 2.534386216122599654e-09
1.180516528568803096e+03 2.343428837477305766e-09
1.213623798344241777e+03 2.166824796847376095e-09
1.247659552630868575e+03 2.003498022654375259e-09
1.282649830528062466e+03 1.852452890356264828e-09
1.318621401394748545e+03 1.712768226517619712e-09
1.355601785329371751e+03 1.583591758293136888e-09
1.393619274224143510e+03 1.464134975356847084e-09
1.432702953409829433e+03 1.353668373738530788e-09
1.472882723907504896e+03 1.251517053282198621e-09
1.514189325304351996e+03 1.157056642527540377e-09
1.556654359271065232e+03 1.069709526748818710e-09
1.600310313738701780e+03 9.889413566774762051e-10
1.645190587753660793e+03 9.142578170938189074e-10
1.691329517029650560e+03 8.452016360113978515e-10
1.738762400216250398e+03 7.813498166018270862e-10
1.787525525904239203e+03 7.223110753275483149e-10
1.837656200388172465e+03 6.677234709728828896e-10
1.889192776207664338e+03 6.172522103957040091e-10
1.942174681489028444e+03 5.705876178716407481e-10
1.996642450109793344e+03 5.274432558741783411e-10
2.052637752709256347e+03 4.875541860340992916e-10
2.110203428568596337e+03 4.506753598557502977e-10
2.169383518385182015e+03 4.165801295393960386e-10
2.230223297965940674e+03 3.850588699745576755e-10
2.292769312865648772e+03 3.559177036313794354e-10
2.357069413996732692e+03 3.289773206906402757e-10
2.423172794237600556e+03 3.040718873213258831e-10
2.491130026067785820e+03 2.810480355406366256e-10
2.560993100258462164e+03 2.597639285788244245e-10
2.632815465648020108e+03 2.400883961223602006e-10
2.706652070033246673e+03 2.219001342268163012e-10
2.782559402207125913e+03 2.050869650779160569e-10
2.860595535175738860e+03 1.895451521373277760e-10
2.940820170587066514e+03 1.751787665417341102e-10
3.023294684405776479e+03 1.618991009307953518e-10
3.108082173869070175e+03 1.496241271640884712e-10
3.195247505759213709e+03 1.382779946505262715e-10
3.284857366030040339e+03 1.277905662574893396e-10
3.376980310825094875e+03 1.180969889927600999e-10
3.471686818926559681e+03 1.091372968612876865e-10
3.569049345675236964e+03 1.008560434923131738e-10
3.669142378402494160e+03 9.320196231156586929e-11
3.772042493416993693e+03 8.612765219900181202e-11
3.877828414589461318e+03 7.958928672613659237e-11
3.986581073580438897e+03 7.354634520909675480e-11
4.098383671757269440e+03 6.796136394506427567e-11
4.213321743847289326e+03 6.279970612159137911e-11
4.331483223376393653e+03 5.802934900093109956e-11
4.452958509942660385e+03 5.362068708590581549e-11
4.577840538376616678e+03 4.954635007037920113e-11
4.706224849841290961e+03 4.578103446678027335e-11
4.838209664925957441e+03 4.230134788588112361e-11
4.973895958790057193e+03 3.908566502056388708e-11
5.113387538414331175e+03 3.611399445621177322e-11
5.256791122018418719e+03 3.336785549592392191e-11
5.404216420705925884e+03 3.083016424945540618e-11
5.555776222398877508e+03 2.848512829097141292e-11
5.711586478126423572e+03 2.631814924266775681e-11
5.871766390733261687e+03 2.431573268943945477e-11
6.036438506075864098e+03 2.246540487428459415e-11
6.205728806776513011e+03 2.075563566532965090e-11
6.379766808606282211e+03 1.917576732349332975e-11
6.558685659571421638e+03 1.771594863506756785e-11
6.742622241778349235e+03 1.636707400614932039e-11
6.931717276155400214e+03 1.512072714605193792e-11
7.126115430111760361e+03 1.396912899477062001e-11
7.325965428215230531e+03 1.290508957544309461e-11
7.531420165974360316e+03 1.192196347665867909e-11
7.742636826811277388e+03 1.101360869161668284e-11
7.959777002314977835e+03 1.017434856160788706e-11
8.183006815867406658e+03 9.398936590242202266e-12
8.412497049736119152e+03 8.682523912380181880e-12
8.648423275731709509e+03 8.020629217937149724e-12
8.890965989529167928e+03 7.409110945739731326e-12
9.140310748756222893e+03 6.844141576490491068e-12
9.396648314954709349e+03 6.322183866737846444e-12
9.660174799522645117e+03 5.839968877630376148e-12
9.931091813749781068e+03 5.394475663218330603e-12
1.020960662306047561e+04 4.982912493234959551e-12
1.049593230558226605e+04 4.602699494690277445e-12
1.079028791516185811e+04 4.251452605308270740e-12
1.109289864895222854e+04 3.926968739885716372e-12
1.140399601970030744e+04 3.627212078089988751e-12
1.172381803286599825e+04 3.350301389099377509e-12
1.205260936870841397e+04 3.094498314854641130e-12
1.239062156947918265e+04 2.858196539579473595e-12
1.273811323186478512e+04 2.639911778675732170e-12
1.309535020482665095e+04 2.438272525134663341e-12
1.346260579298911034e+04 2.252011496266757667e-12
1.384016096573130199e+04 2.079957727860557624e-12
1.422830457214354828e+04 1.921029266866284498e-12
1.462733356201129936e+04 1.774226417386710179e-12
1.503755321299735260e+04 1.638625498164898886e-12
1.545927736419478606e+04 1.513373072912079812e-12
1.589282865622976351e+04 1.397680617733227321e-12
1.633853877809863661e+04 1.290819592603854539e-12
1.679674872092653095e+04 1.192116886345188408e-12
1.726780903884352301e+04 1.100950606849216033e-12
1.775208011717635964e+04 1.016746190437921681e-12
1.824993244816150400e+04 9.389728062116940160e-13
1.876174691439123490e+04 8.671400330648456706e-13
1.928791508020777837e+04 8.007947887321166232e-13
1.982883949127067172e+04 7.395184917879312243e-13
2.038493398252464249e+04 6.829244389619628911e-13
2.095662399480430759e+04 6.306553814666024942e-13
2.154434690031886566e+04 5.823812852640608539e-13
2.214855233726359438e+04 5.377972613402547397e-13
2.276970255381675452e+04 4.966216531054258526e-13
2.340827276178294414e+04 4.585942690156726092e-13
2.406475150015421605e+04 4.234747494096422243e-13
2.473964100886816595e+04 3.910410573870556489e-13
2.543345761304648113e+04 3.610880843255126820e-13
2.614673211801086654e+04 3.334263613431950264e-13
2.688001021537607448e+04 3.078808686731597915e-13
2.763385290053167046e+04 2.842899355228183209e-13
2.840883690183307044e+04 2.625042235543924818e-13
2.920555512182745224e+04 2.423857876419683884e-13
3.002461709085543043e+04 2.238072080410027486e-13
3.086664943337274599e+04 2.066507885504641785e-13
3.173229634734972933e+04 1.908078156582268950e-13
3.262222009711673309e+04 1.761778740398764811e-13
3.353710152002928953e+04 1.626682141320023379e-13
3.447764054734457022e+04 1.501931678252128585e-13
3.544455673970435600e+04 1.386736086220104225e-13
3.643858983763540891e+04 1.280364528816727614e-13
3.746050032748997182e+04 1.182141990304249547e-13
3.851107002325569192e+04 1.091445018519844377e-13
3.959110266468450573e+04 1.007697791922979010e-13
4.070142453219438903e+04 9.303684861463627890e-14
4.184288507901575940e+04 8.589659172810145657e-14
4.301635758106799767e+04 7.930364408539525385e-14
4.422273980505896907e+04 7.321610870543961824e-14
4.546295469532390416e+04 6.759529142398039262e-14
4.673795107992463454e+04 6.240545641178428822e-14
4.804870439655124210e+04 5.761360032608393707e-14
4.939621743878325651e+04 5.318924367745811563e-14
5.078152112327670329e+04 4.910423810204944574e-14
5.220567527846964367e+04 4.533258832851345828e-14
5.366976945540476299e+04 4.185028772111008971e-14
5.517492376129117474e+04 3.863516636532985280e-14
5.672228971644549165e+04 3.566675074100797714e-14
5.831305113526218338e+04 3.292613410049345784e-14
5.994842503189396666e+04 3.039585673650169203e-14
6.162966255132942024e+04 2.805979538630390558e-14
6.335804992658241099e+04 2.590306107618112426e-14
6.513490946272809379e+04 2.391190476301604582e-14
6.696160054853215115e+04 2.207363017882927093e-14
6.883952069645482698e+04 2.037651332925770915e-14
7.077010661181889009e+04 1.880972813876389835e-14
7.275483529196218296e+04 1.736327777395526615e-14
7.479522515621829371e+04 1.602793121206324744e-14
7.689283720758305572e+04 1.479516465459674490e-14
7.904927622696403705e+04 1.365710741662774470e-14
8.126619200091945822e+04 1.260649195031634576e-14
8.354528058382854215e+04 1.163660768727573512e-14
8.588828559546258475e+04 1.074125840840182857e-14
8.829699955494083406e+04 9.914722871993616169e-15
9.077326525210205000e+04 9.151718451490871992e-15
9.331897715733238147e+04 8.447367553112206439e-15
9.593608287093127728e+04 7.797166601178330475e-15
9.862658461312830332e+04 7.196957395081449668e-15
1.013925407558814331e+05 6.642900656808756103e-15
1.042360673976398975e+05 6.131451601729918694e-15
1.071593399822671199e+05 5.659337378119313648e-15
1.101645949633654673e+05 5.223536232665217412e-15
1.132541315152812604e+05 4.821258270106261229e-15
1.164303132920875651e+05 4.449927685196093204e-15
1.196955702359040297e+05 4.107166354485927653e-15
1.230524004359261598e+05 3.790778684002813433e-15
1.265033720395901182e+05 3.498737616829734240e-15
1.300511252173409885e+05 3.229171711920365969e-15
1.336983741824945319e+05 2.980353212250881883e-15
1.374479092677533918e+05 2.750687026660888534e-15
1.413025990599533543e+05 2.538700555513814999e-15
1.452653925946778327e+05 2.343034295640767010e-15
1.493393216124253231e+05 2.162433164960778367e-15
1.535275028780421126e+05 1.995738491724058505e-15
1.578331405652113317e+05 1.841880617528843665e-15
1.622595287078086985e+05 1.699872067148782334e-15
1.668100537200055842e+05 1.568801241795197889e-15
1.714881969870540779e+05 1.447826595753353213e-15
1.762975375287203933e+05 1.336171259394262057e-15
1.812417547374232090e+05 1.233118074390603333e-15
1.863246311931559758e+05 1.138005009578488582e-15
1.915500555573524034e+05 1.050220928319093373e-15
1.969220255479173502e+05 9.692016804427794856e-16
2.024446509976801754e+05 8.944264939173058228e-16
2.081221569986332906e+05 8.254146432822247984e-16
2.139588871343421633e+05 7.617223736483479230e-16
2.199593068030070281e+05 7.029400606826399251e-16
2.261280066337279568e+05 6.486895884969773717e-16
2.324697059985645465e+05 5.986219287430950023e-16
2.389892566231052624e+05 5.524149054934005883e-16
2.456916462982790254e+05 5.097711316680631396e-16
2.525820026962779521e+05 4.704161038582924302e-16
2.596655972934872552e+05 4.340964434028127435e-16
2.669478494034318137e+05 4.005782725040031816e-16
2.744343303228368168e+05 3.696457150288371888e-16
2.821307675939470646e+05 3.410995124329192622e-16
2.900430493863985757e+05 3.147557459779584942e-16
2.981772290019673528e+05 2.904446570896183280e-16
3.065395295056523755e+05 2.680095583270986906e-16
3.151363484866482322e+05 2.473058280126259565e-16
3.239742629528195248e+05 2.281999821018185568e-16
3.330600343624581583e+05 2.105688173676192092e-16
3.424006137971425778e+05 1.942986204249311913e-16
3.520031472796675516e+05 1.792844375424696739e-16
3.618749812411284074e+05 1.654294005757493849e-16
3.720236681413066108e+05 1.526441047129226222e-16
3.824569722466991516e+05 1.408460340554030229e-16
3.931828755705770454e+05 1.299590313603683928e-16
4.042095839796302025e+05 1.199128085538414747e-16
4.155455334718879312e+05 1.106424948831637008e-16
4.271993966306776856e+05 1.020882198179109334e-16
4.391800892596077174e+05 9.419472802999964548e-17
4.514967772036101669e+05 8.691102398860090737e-17
4.641588833612772287e+05 8.019004389452663398e-17
4.771760948938750662e+05 7.398835285336562872e-17
4.905583706365045509e+05 6.826586534790364891e-17
5.043159487171348301e+05 6.298558721917370922e-17
5.184593543892913149e+05 5.811337750298902346e-17
5.329994080844082637e+05 5.361772859569281533e-17
5.479472336900292430e+05 4.946956334004724018e-17
5.633142670601351419e+05 4.564204773040457847e-17
5.791122647641745862e+05 4.211041803616648472e-17
5.953533130814370234e+05 3.885182123481106646e-17
6.120498372476689983e+05 3.584516773090530063e-17
6.292146109610350104e+05 3.307099541615239094e-17
6.468607661546320887e+05 3.051134419813559784e-17
6.650018030431105290e+05 2.814964019241841174e-17
6.836516004510239000e+05 2.597058883456939117e-17
7.028244264308338752e+05 2.396007622579356021e-17
7.225349491787221050e+05 2.210507807860420478e-17
7.427982482564910315e+05 2.039357567767459730e-17
7.636298261282226304e+05 1.881447831595341369e-17
7.850456200204509078e+05 1.735755170764928206e-17
8.070620141149490373e+05 1.601335191800038043e-17
8.296958520834915107e+05 1.477316438512300013e-17
8.529644499741016189e+05 1.362894764189963159e-17
8.768856094587409170e+05 1.257328137600714003e-17
9.014776314524917398e+05 1.159931849403168389e-17
9.267593301146863960e+05 1.070074088130601799e-17
9.527500472427300410e+05 9.871718572828500663e-18
9.794696670695386129e+05 9.106872072526246381e-18
1.006938631476024981e+06 8.401237578334195088e-18
1.035177955630176235e+06 7.750234889231356859e-18
1.064209244064722443e+06 7.149637787598713636e-18
1.094054707205743529e+06 6.595546706167711838e-18
1.124737178364750696e+06 6.084363503512142660e-18
1.156280131207372993e+06 5.612768185583477766e-18
1.188707697711903369e+06 5.177697423304467074e-18
1.222044686631486285e+06 4.776324727780926422e-18
1.256316602474121377e+06 4.406042155351679032e-18
1.291549665014882805e+06 4.064443424538789990e-18
1.327770829355426366e+06 3.749308336039764681e-18
1.365007806546013802e+06 3.458588395290938770e-18
1.403289084785870276e+06 3.190393544868271356e-18
1.442643951218158705e+06 2.942979921135778602e-18
1.483102514336102875e+06 2.714738556147119818e-18
1.524695727017569821e+06 2.504184951890047482e-18
1.567455410205594962e+06 2.309949459583642166e-18
1.611414277253023116e+06 2.130768401922413002e-18
1.656605958949915133e+06 1.965475880948029801e-18
1.703065029252842534e+06 1.812996218647613682e-18
1.750827031735719880e+06 1.672336981455116944e-18
1.799928506782476557e+06 1.542582543595758954e-18
1.850407019542305963e+06 1.422888147687757283e-18
1.902301188668945804e+06 1.312474424221592420e-18
1.955650715865947073e+06 1.210622334496681763e-18
2.010496416260492988e+06 1.116668504326698270e-18
2.066880249629082158e+06 1.030000918345579511e-18
2.124845352498887107e+06 9.500549470732927739e-19
2.184436071149428375e+06 8.763096810476850766e-19
2.245697995539771859e+06 8.082845483109351125e-19
2.308677994187162723e+06 7.455361933683593415e-19
2.373424250023866072e+06 6.876555974254794404e-19
2.439986297259555198e+06 6.342654212676092390e-19
2.508415059277541004e+06 5.850175535840794658e-19
2.578762887593798339e+06 5.395908488665605887e-19
2.651083601908531040e+06 4.976890402357733705e-19
2.725432531281027943e+06 4.590388136812126507e-19
2.801866556459201034e+06 4.233880312419067745e-19
2.880444153396297712e+06 3.905040916189054926e-19
2.961225437988031656e+06 3.601724175988451526e-19
3.044272212064293213e+06 3.321950604879378997e-19
3.129648010670750402e+06 3.063894125124252434e-19
3.217418150676378049e+06 2.825870188400226008e-19
3.307649780744242482e+06 2.606324815212995663e-19
3.400411932703702711e+06 2.403824482447808698e-19
3.495775574363264721e+06 2.217046793484339262e-19
3.593813663804625627e+06 2.044771870366848497e-19
3.694601205199310090e+06 1.885874412196135697e-19
3.798215306190736126e+06 1.739316368222770883e-19
3.904735236885556020e+06 1.604140178102183013e-19
4.014242490499309730e+06 1.479462535445511417e-19
4.126820845702951774e+06 1.364468634189610693e-19
4.242556430717785843e+06 1.258406860438087358e-19
4.361537789208006114e+06 1.160583895311451666e-19
4.483855948021181859e+06 1.070360197008398286e-19
4.609604486828419380e+06 9.871458327381640552e-20
4.738879609717651270e+06 9.103966334518462739e-20
4.871780218794641085e+06 8.396106463938181776e-20
5.008407989848212339e+06 7.743248624253734926e-20
5.148867450137486681e+06 7.141121968550851667e-20
5.293266058360544965e+06 6.585787041547366760e-20
5.441714286865887232e+06 6.073610084569026730e-20
5.594325706169389188e+06 5.601239331306512801e-20
5.751217071841613390e+06 5.165583140235487292e-20
5.912508413831869140e+06 4.763789821504290657e-20
6.078323128297211602e+06 4.393229027093357903e-20
6.248788072006887756e+06 4.051474583199047121e-20
6.424033659394203685e+06 3.736288653161158053e-20
6.604193962330305018e+06 3.445607127893194481e-20
6.789406812696098350e+06 3.177526148748579501e-20
6.979813907830638811e+06 2.930289675112615065e-20
7.175560918936921284e+06 2.702278015797148699e-20
7.376797602527745999e+06 2.491997249578928861e-20
7.583677914997190237e+06 2.298069466000493918e-20
7.796360130405221134e+06 2.119223762884889308e-20
8.015006961565380916e+06 1.954287941934738122e-20
8.239785684528544545e+06 1.802180848324875106e-20
8.470868266557419673e+06 1.661905304386143739e-20
8.708431497690724209e+06 1.532541591340870442e-20
8.952657125996382907e+06 1.413241436616936408e-20
9.203731996618192643e+06 1.303222467555009627e-20
9.461848194722030312e+06 1.201763095359028359e-20
9.727203192450556904e+06 1.108197795939718197e-20
1.000000000000000000e+07 1.021912756883472693e-20
