4.2619484045235346e-08
4.264274657406271e-08
4.2665191430306114e-08
4.268686381556565e-08
4.271122760239696e-08
4.2734658052075204e-08
4.2754041155579687e-08
4.277588389526524e-08
4.2796942154175406e-08
4.2820104934645756e-08
4.28396273270177e-08
4.286113751712024e-08
4.287929682382576e-08
4.29065010760772e-08
4.292586327049062e-08
4.294454378574763e-08
4.296258053595333e-08
4.2982145949759426e-08
4.30009869855149e-08
4.301716077634632e-08
4.303474642216753e-08
4.3051721239015646e-08
4.306990651177038e-08
4.3085699088159215e-08
4.3102644463207906e-08
4.3118991244648034e-08
4.313477293687153e-08
4.315002051488781e-08
4.316621011954524e-08
4.3181823393335474e-08
4.3196892875329286e-08
4.321144862555449e-08
4.322551846042193e-08
4.324034343139466e-08
4.325465174265277e-08
4.3268472001367295e-08
4.328183067482344e-08
4.3295810088598315e-08
4.3308283861919095e-08
4.332135601277067e-08
4.333494835778961e-08
4.3347143572761264e-08
4.3359842820243845e-08
