2.649169705326546434e-08
2.657005684550032750e-08
2.664621710293555867e-08
2.672027704901136053e-08
2.680414971403969294e-08
2.688542850612287508e-08
2.695312943037643594e-08
2.702992623914346786e-08
2.710447480472554538e-08
2.718705577096200172e-08
2.725713466171242871e-08
2.733485747919976478e-08
2.740089003425393926e-08
2.747881347195858636e-08
2.755001689824686576e-08
2.761913603474147094e-08
2.768626926593978482e-08
2.775953477132385081e-08
2.783052554600610697e-08
2.789181101139867310e-08
2.795880938238551762e-08
2.802384126832297356e-08
2.809390568596008283e-08
2.815508482880139352e-08
2.822107617404461046e-08
2.828507780471030040e-08
2.834718660423495190e-08
2.840749302518570331e-08
2.847184909622056710e-08
2.853423150079929002e-08
2.859473802092934188e-08
2.865345983323009137e-08
2.871048206893305180e-08
2.877084316791485484e-08
2.882937269888445525e-08
2.888616052843172753e-08
2.894129050649155711e-08
2.899923454523887905e-08
2.905115642261047591e-08
2.910579110885046920e-08
2.916284180063342878e-08
2.921423896512337819e-08
2.926797282469795115e-08
